ANTH.TAX...CARB-ANTH.TAX	id
-1	9636
1	254099
1	254173
-1	126792
1	6339
1	643965
-1	55210
-1	6497
-1	11079
1	63976
-1	127262
1	7161
1	148870
1	1677
1	390992
1	80835
-1	148479
-1	23261
-1	9341
1	102724539
1	50651
1	102724571
-1	199953
-1	10277
-1	23095
-1	23435
1	101929181
1	93611
-1	57085
1	284498
-1	9927
1	943
-1	55187
1	93190
1	65121
1	391002
1	391003
1	343068
1	343070
1	645425
1	440560
1	107984918
-1	7799
1	114827
-1	23341
1	107397391
-1	84301
-1	23207
-1	23013
-1	26099
1	124903857
1	9696
1	100132147
1	29943
1	84966
1	127707
1	5081
1	5322
1	64600
1	127731
1	163933
-1	65018
-1	249
1	2046
-1	23028
-1	6135
-1	11313
1	100616492
-1	55629
1	284632
-1	10250
-1	25932
-1	23585
-1	55219
1	124900433
1	378807
1	101928303
-1	83442
1	79727
-1	8289
-1	4869
-1	23673
-1	5511
-1	93974
1	105378616
1	4985
-1	10657
1	55116
1	79140
1	149069
1	84734
-1	5928
1	402779
1	127534
1	2707
-1	9202
-1	26523
1	27285
-1	9967
-1	79647
-1	10487
-1	6018
1	127391
-1	10269
1	65243
1	127396
1	2981
-1	4904
1	440584
1	149465
1	4352
-1	5792
-1	9670
-1	533
-1	6202
1	400752
-1	4678
-1	51249
-1	23139
-1	7388
1	127343
1	100507423
1	100874253
1	107984953
1	200010
1	101929721
1	284546
-1	26994
-1	79699
1	105378732
-1	115353
-1	51253
1	163747
1	199964
1	255738
1	731
1	101926890
1	101926907
1	54596
-1	7398
-1	84938
1	27022
-1	29929
-1	5236
-1	4919
-1	57685
1	100616338
-1	55225
-1	57708
1	149233
-1	9295
1	101927295
1	101927320
-1	34
-1	5876
1	149047
1	101927412
1	105375358
-1	80135
1	126820
1	1179
-1	51100
-1	5586
1	163351
-1	284695
1	676
-1	79871
-1	22823
-1	1810
-1	54874
-1	5825
1	729987
-1	178
-1	693138
-1	148867
1	105378872
1	100129138
-1	55119
1	163479
-1	6814
-1	56900
-1	677766
1	284612
-1	2773
-1	10768
1	164153
1	84432
-1	10390
1	27159
-1	128346
1	643355
1	7482
-1	829
-1	9860
-1	204851
1	6847
1	112840934
1	126868
-1	5738
1	100874270
1	107985194
1	101954272
1	148738
1	284615
1	8515
1	148741
-1	653519
1	100873165
1	100996732
1	23632
1	8416
-1	58497
-1	57592
-1	81609
1	284485
1	353144
1	448834
1	353132
1	101928009
-1	26097
1	4881
-1	65123
-1	6232
-1	9898
-1	10456
1	89872
-1	3570
1	126668
-1	1163
-1	80308
-1	55974
-1	7818
1	339403
1	107985210
1	128229
1	164118
1	60484
1	63827
1	4914
1	149499
1	912
1	909
1	128371
1	26476
1	477
1	480
1	844
-1	8682
-1	23385
1	4807
1	101928372
1	126823
-1	51506
-1	2207
1	84134
-1	22926
-1	57645
1	92235
-1	55827
-1	261726
1	79100
1	149281
-1	23215
-1	51430
1	356
-1	9588
-1	55157
-1	9293
-1	27101
1	101928751
1	60676
1	57795
1	101928778
-1	6646
1	126859
-1	26092
1	148756
-1	9213
1	100287948
1	777
1	388719
1	353299
-1	1660
-1	9887
-1	116461
-1	6045
1	440704
-1	6738
-1	79577
1	56956
-1	140609
1	400800
1	2494
-1	23271
1	2848
1	91156
-1	89796
1	100302158
-1	55705
-1	10440
-1	6051
-1	100506696
-1	493
-1	9877
-1	6635
-1	9580
1	6900
1	9911
1	284576
1	1510
-1	9261
1	29949
1	50604
-1	4179
1	105372894
1	57172
-1	55758
-1	5525
-1	29937
1	149647
-1	26750
-1	56950
-1	1063
-1	51133
1	128153
-1	51018
-1	127018
-1	55699
-1	148362
-1	23219
-1	8560
-1	29097
-1	6726
-1	339500
1	89780
-1	375
-1	149603
1	677790
-1	64801
1	440730
-1	8443
1	148641
1	100506810
-1	7107
1	88
1	6262
-1	100616343
1	339529
-1	51029
-1	116228
1	148823
1	81470
-1	81469
1	391191
1	391192
1	391194
1	26245
1	127066
1	401992
1	100124412
1	7293
-1	51150
-1	118424
-1	54973
-1	81669
-1	55052
-1	29101
-1	643988
-1	728661
-1	65220
1	79906
1	100129534
-1	388585
1	79258
1	100287898
1	440556
-1	57470
-1	9731
1	105376672
1	261734
1	26038
-1	23463
1	54626
1	100422975
-1	79707
-1	55735
1	102725193
-1	473
-1	2023
1	644997
1	101929074
-1	22883
-1	56998
-1	84328
-1	6723
-1	5394
-1	2475
1	26232
-1	10459
1	102724659
-1	90231
1	400735
1	101927417
1	842
1	110806303
-1	440567
1	374955
-1	4237
-1	23400
-1	6390
-1	55920
-1	23352
-1	23065
-1	832
1	105378614
-1	1650
1	400745
-1	8672
-1	1889
-1	3339
1	101928043
1	54361
1	3352
-1	10236
1	2582
-1	10772
1	127294
1	90529
1	84676
1	118568799
1	257101
1	8431
-1	6548
1	8547
1	388611
-1	6118
-1	2140
1	101928460
1	101929406
1	4146
-1	7805
-1	9698
-1	553115
1	576
1	56063
-1	65108
1	252995
-1	113452
-1	204
1	58512
-1	100861513
-1	5690
-1	64960
1	2899
-1	29889
1	284656
-1	4520
-1	10946
-1	2275
1	339442
1	84618
1	51440
-1	5538
1	2980
-1	22887
1	101929592
1	101929609
1	266675
-1	5052
-1	60313
-1	10489
1	101929651
1	148930
1	84871
1	79656
1	105378716
-1	2060
-1	4898
-1	4116
1	163742
1	148979
-1	55706
-1	54432
-1	9528
-1	1718
-1	23358
1	105378739
1	199920
1	732
-1	114803
1	105378753
1	729467
1	127795
1	100996570
-1	83941
1	100996301
-1	3716
1	10022
-1	23169
1	400757
-1	26135
-1	55631
-1	81573
-1	9406
1	127254
1	110806286
-1	10026
-1	26009
-1	23032
-1	64853
1	374987
-1	8880
-1	64123
-1	2787
-1	1486
-1	8915
1	255631
-1	57489
-1	9403
-1	2959
-1	56267
-1	84146
-1	50999
1	24
1	100996630
1	400765
1	100616452
-1	163786
1	118427
1	101928476
1	10451
1	343263
-1	5686
1	79574
1	440600
1	440602
1	3737
-1	55791
-1	128338
-1	79084
1	101928718
1	3752
1	440603
1	148281
-1	51592
-1	7812
1	4803
-1	54834
1	200162
1	105378933
1	83998
1	11085
-1	4853
1	105371260
1	11126
1	9900
-1	1513
-1	56882
-1	23126
1	7062
1	2312
1	49860
-1	3608
-1	57459
-1	9909
-1	200186
-1	10899
1	388701
-1	25912
1	101928101
1	126669
-1	55585
-1	103
-1	10712
-1	10067
1	5313
-1	55870
-1	23381
-1	7203
-1	4209
-1	81875
-1	9826
1	646268
1	910
1	6708
1	128372
1	81442
-1	8407
1	89886
1	3766
1	729867
1	51744
1	55600
1	142683
-1	50848
-1	9191
-1	8703
1	336
1	9970
1	284680
1	339512
1	100126349
1	10223
1	55811
-1	25874
1	101928565
1	101978719
1	101928628
1	284688
1	4653
-1	8674
1	339416
-1	149041
1	102724601
1	9674
1	7143
-1	64326
-1	163590
-1	2752
1	127670
1	85397
1	81626
1	23057
-1	10092
1	403314
1	23127
-1	80267
-1	81627
-1	10625
-1	7175
-1	51377
1	105371672
1	100616363
-1	360023
-1	163486
1	127124
-1	83479
1	779
1	647219
1	7135
1	23612
-1	127829
-1	29089
1	127833
-1	10765
-1	51094
-1	51706
1	4656
1	4608
1	127841
-1	84919
1	81788
1	55220
1	93273
-1	2005
-1	64710
1	3586
1	83953
1	101930114
-1	7779
-1	25896
-1	25936
-1	90806
1	124904778
1	643723
-1	10380
-1	25782
1	100873924
1	400804
1	101927143
-1	80232
-1	3930
-1	55740
-1	81559
-1	79573
-1	149371
-1	54583
1	101927683
1	124904553
-1	359948
-1	9804
1	100616224
-1	148789
1	100302139
-1	26832
-1	4811
1	100873984
1	200150
-1	159
1	255654
-1	100500849
1	127623
1	102724446
1	26188
1	127077
1	81458
1	401994
1	101927876
-1	440574
-1	4802
1	1580
1	374977
-1	5567
1	105378930
1	645166
-1	79005
1	64218
-1	4194
1	677784
-1	728642
1	85452
-1	3925
1	653160
-1	51668
1	90780
1	117981789
1	101928264
1	400794
1	7139
-1	441155
-1	3192
1	63036
1	51032
1	333926
-1	5824
-1	3075
-1	2782
1	10136
1	23436
-1	79717
1	149095
-1	8751
-1	1945
-1	9813
1	388646
-1	23155
-1	10286
1	29765
-1	6944
-1	6464
1	388761
1	84066
1	391123
1	25790
1	105373352
1	7173
1	100506054
-1	6201
1	728597
-1	3398
-1	285148
-1	6241
1	130813
1	100874055
-1	23175
1	100506405
-1	1653
-1	348654
1	100616307
1	124900607
-1	388
1	101928271
-1	8648
1	729723
-1	10890
-1	3032
-1	85465
1	92749
1	56896
1	3795
-1	51374
1	57159
-1	29959
1	2646
1	84450
1	151056
-1	23160
1	165186
-1	51646
-1	84272
-1	57448
-1	55622
1	285045
1	104355287
1	5212
-1	55471
1	151393
1	130733
1	388942
1	91461
1	124900542
-1	57504
1	100129726
1	64241
-1	5495
1	6496
-1	693144
1	2956
-1	3344
-1	494143
1	129852
-1	124900537
-1	64895
-1	29094
-1	54812
-1	10097
1	124906016
1	101060019
1	102724373
1	56287
-1	307
-1	5093
-1	27332
1	2016
-1	7840
1	388960
-1	1716
1	100189589
1	3196
1	124906195
-1	9801
1	130120
1	5967
1	1496
-1	9168
-1	56888
1	284948
1	10578
-1	55037
-1	64795
-1	729857
1	150572
1	150483
1	4118
1	30818
1	150771
1	90342
1	200403
1	1261
-1	9669
1	100506286
-1	55571
1	389015
1	5455
-1	64965
1	105373984
1	11250
-1	79074
1	105373537
-1	653489
1	27233
-1	5903
-1	727851
1	105373553
-1	84910
-1	150465
-1	6574
1	284958
1	27178
1	27179
1	2298
-1	10096
1	440900
-1	8886
-1	55240
-1	1622
-1	5775
-1	57669
-1	7247
1	101927801
1	129684
1	4648
-1	56886
1	285103
1	653275
1	646743
-1	55041
-1	150776
1	130013
-1	905
-1	22930
-1	23518
-1	23190
1	100507600
-1	339745
-1	26122
1	3800
-1	55183
-1	114793
-1	151188
1	3760
1	554201
-1	8502
-1	64844
-1	10213
1	80034
1	101929680
1	129446
1	8708
1	57818
-1	130507
1	2571
-1	79901
-1	1781
-1	8520
1	1745
1	11069
1	285084
1	3239
1	3238
1	91752
-1	55854
-1	54529
1	105376748
1	101927482
1	65061
1	100652824
-1	51602
-1	692058
-1	659
-1	65065
1	105373853
-1	1385
1	100507475
-1	200576
1	285175
1	102725079
1	79582
1	100885780
1	115409987
1	285180
1	3579
1	375307
1	7429
-1	9125
1	84812
1	80326
1	8941
1	100129175
1	130617
1	55515
1	130612
1	3623
1	151278
1	1285
-1	56947
-1	3267
1	164781
1	130888
-1	51719
1	151484
1	130560
-1	5707
1	250
1	248
1	1144
1	101928881
1	4759
1	6295
1	339766
1	79054
1	124907998
1	10267
1	339768
1	377007
1	101928111
1	401040
1	189
1	728763
-1	5510
-1	26751
1	23040
1	124907726
1	727982
1	102800315
1	339789
-1	6868
-1	10971
1	100422929
1	124900530
-1	79954
1	100616469
1	100422996
1	100499171
-1	51594
1	729475
-1	79677
-1	9741
-1	6382
-1	23369
1	100874343
-1	54454
-1	51639
1	375189
1	5443
1	100302246
-1	55252
-1	3030
1	165082
1	9381
1	130106
-1	2976
1	79635
1	403150
1	112267877
1	388939
1	238
1	440854
1	6716
1	151325
-1	6801
1	391365
-1	23683
1	101929596
-1	6432
-1	6654
-1	8491
1	165140
1	102723854
-1	63892
-1	678
1	64240
-1	10128
1	107985879
1	400952
-1	55133
-1	100506142
-1	80204
1	2492
1	9378
-1	23198
1	388951
-1	57223
-1	87178
1	100129434
1	106660609
1	400957
-1	9736
-1	7514
1	84140
-1	10575
-1	51542
-1	57162
-1	9792
1	101927438
-1	5861
1	102724321
1	644838
1	101927701
1	27302
1	200504
-1	22848
1	100133985
1	100302268
-1	6637
1	119
1	9027
-1	55233
1	165545
-1	550
1	80059
1	5968
1	5068
1	347730
1	100630918
1	6439
1	100616447
1	2168
1	442028
1	431705
1	1844
-1	55654
-1	23020
1	105373496
1	51252
-1	23505
-1	493753
1	80705
-1	51455
-1	284996
1	101927360
1	102682016
-1	9392
1	105373538
1	10913
1	4867
-1	64682
1	27177
1	7849
1	101929127
-1	80255
1	389023
1	124907878
-1	54520
1	6344
-1	79134
-1	23332
-1	84365
1	339761
-1	2071
-1	10746
-1	55677
-1	55339
-1	83607
-1	79595
-1	55627
-1	130074
1	150786
1	80122
-1	4175
-1	1615
-1	5000
-1	27249
1	105373683
1	101929260
-1	9111
-1	26225
-1	55660
1	56475
1	57471
-1	5937
1	6335
-1	79675
1	129881
-1	9874
1	339751
1	6670
-1	29789
-1	1386
-1	518
1	344191
1	401022
1	100302142
1	100422824
1	50940
-1	10203
-1	80055
1	23314
1	348751
-1	129450
-1	4999
1	130540
-1	7341
-1	54891
1	389073
1	646324
1	124907978
1	7141
-1	7145
-1	7701
1	53632
1	54738
1	1412
1	255101
1	79065
1	5798
-1	79586
1	5077
-1	10056
1	7857
-1	8452
1	1286
1	9290
1	348761
-1	3357
-1	4691
1	10316
1	100302126
1	25791
1	105373934
1	401036
1	79781
1	93463
1	105373951
1	151174
1	55502
1	389090
1	200772
1	124905349
1	5133
-1	52
1	105373429
-1	100505876
1	105374468
1	100134259
1	388948
1	286749
1	200420
1	105373508
-1	3987
-1	151230
1	151242
1	8837
-1	57142
1	51057
1	105374802
1	102724482
1	100996478
1	105373514
1	49
1	554226
1	79712
1	4780
1	4760
1	4705
1	3237
1	375316
-1	7072
1	85474
1	388931
1	388946
1	10887
1	10716
1	57282
-1	3336
-1	25843
-1	26058
-1	140739
1	11132
1	2859
1	129807
1	100526794
-1	5534
1	84865
-1	7844
1	81615
1	101927215
-1	8553
-1	29995
1	101927416
1	151835
-1	55845
1	3656
1	79885
-1	27258
-1	6533
1	84077
-1	7182
-1	23473
-1	100505696
1	100874221
-1	3146
-1	7325
1	5915
1	54995
1	116135
1	105377007
1	27303
1	101928015
-1	7048
-1	201595
1	131405
-1	10491
-1	10015
1	406916
1	339883
1	50853
1	9940
-1	4615
-1	9943
1	9390
-1	9942
-1	57599
-1	3921
1	25924
1	956
-1	9045
1	253639
1	105377043
-1	4820
1	131377
-1	51099
1	7047
-1	22908
1	9034
1	83597
1	259236
1	5745
-1	23218
-1	22907
-1	51372
1	102724368
1	100506637
1	339834
1	8927
1	2779
1	7869
1	389123
1	101928999
-1	211
1	3697
1	3699
1	100873993
1	55799
-1	26060
-1	201626
1	101929159
-1	7871
-1	2317
1	101929238
1	285401
1	132203
-1	6314
1	407738
-1	10550
1	104502416
1	101927346
1	100302212
1	100288801
1	6092
1	105377175
1	105377180
1	100846978
-1	55279
-1	285237
1	285220
-1	56954
1	131368
1	11148
1	677779
1	10225
1	29114
1	344805
1	79669
1	100874029
1	2596
1	100506724
-1	57514
-1	51300
1	141
1	89876
1	8856
-1	4710
1	9515
1	503582
1	846
-1	26355
-1	151636
-1	84925
1	100874204
1	100862662
1	105374088
1	348807
-1	29927
-1	7879
1	79825
1	6010
1	132243
1	256076
1	105374114
-1	23317
1	348808
1	8419
-1	5523
1	100507274
-1	25852
-1	56945
1	287015
-1	5922
-1	483
1	101927832
-1	23350
1	100885796
-1	84343
-1	11342
1	101927992
-1	9819
-1	83939
-1	51714
1	124909446
-1	4154
1	101928190
-1	8833
1	389170
1	152078
-1	85476
-1	10051
1	693136
1	344658
-1	7095
-1	6498
-1	1894
1	22871
-1	5290
-1	55669
-1	86
1	101928790
1	100996490
1	100505687
-1	55689
1	200909
1	170572
1	285242
-1	1857
1	90113
1	110599583
1	105374250
-1	23355
1	339926
1	197
1	3273
1	3827
1	132112
1	100131635
-1	100126340
1	10686
1	344901
1	100873987
-1	4976
1	101929337
1	105374289
1	100874528
-1	5062
1	100507086
1	101927193
1	3568
1	375323
1	51738
1	100126334
1	7079
1	100129480
1	55287
-1	6161
1	100874101
1	80852
-1	64432
1	100422868
1	1618
1	151651
1	151649
1	7068
-1	7155
1	285326
-1	23122
-1	9881
1	101928153
1	6336
1	440952
1	285266
1	885
1	131375
1	1582
-1	57456
1	124906378
1	54716
1	2829
1	339906
1	4634
-1	29072
1	64147
-1	22937
-1	6599
-1	4134
1	100313840
-1	51246
-1	5576
-1	3615
-1	5859
-1	3913
1	389118
1	79012
1	84315
1	51364
1	51161
-1	9730
1	440956
-1	6159
-1	80335
1	56920
1	7134
-1	55193
-1	7086
1	790952
1	100874237
1	57408
1	26059
1	711
-1	23272
-1	378
-1	201627
1	8309
1	131177
1	55079
1	8618
-1	80145
-1	9861
1	124906380
1	100287879
-1	8801
1	151647
-1	9039
-1	27086
-1	23429
1	440970
1	5449
-1	8545
1	100287639
-1	11259
-1	9868
1	22989
1	84666
1	9626
1	27136
1	124906382
1	55211
-1	64422
1	344807
-1	25871
-1	80218
1	4045
1	105374057
1	152404
-1	2932
-1	116064
-1	11167
-1	285282
-1	3836
1	111
-1	64770
1	56667
-1	57493
1	10840
1	100506907
1	131669
1	152065
1	101927123
1	101927149
1	165721
1	23434
-1	6184
-1	7555
-1	8971
1	90288
-1	8930
-1	23129
-1	30849
1	339874
1	131034
-1	11073
1	100507210
-1	25847
1	339855
-1	55167
-1	10274
-1	51163
1	347736
-1	80321
-1	5291
-1	9276
-1	7029
-1	54464
-1	545
1	344838
-1	5359
1	389158
-1	6478
-1	170506
-1	9197
-1	6747
1	730091
1	339894
1	100996447
-1	3840
1	79740
-1	11235
1	100128164
-1	80012
1	6514
1	2693
1	105374219
1	101928684
-1	79718
-1	59345
1	51555
1	339829
-1	56922
1	23101
1	79929
-1	10195
1	94032
1	101928992
-1	6434
1	253573
1	102724699
1	100874095
1	5648
1	344892
1	100874027
1	647309
1	106480738
1	257313
-1	131578
1	2814
-1	23527
1	4585
-1	1739
-1	9711
1	4336
1	100506319
1	100132146
-1	10425
-1	10181
1	107986100
1	112806053
-1	10954
1	124909426
1	7545
1	102724289
-1	64747
1	105374191
1	107986163
1	152274
-1	9779
1	124906232
1	57467
-1	84836
1	124909412
1	100419008
1	84107
1	124909495
1	647107
-1	5130
1	152405
1	63924
1	151790
1	1608
1	8292
-1	10093
-1	10180
1	79714
-1	7375
1	64091
1	339122
-1	255758
1	6997
1	9435
1	5158
-1	10336
-1	118
-1	3064
1	3083
1	285489
1	27065
1	55351
-1	23324
-1	93621
1	693157
1	101929019
1	101929071
-1	132864
-1	51056
-1	80306
-1	64151
1	105374511
1	105374524
-1	55300
-1	29945
1	100422937
1	101927363
1	439933
1	401124
1	101928721
-1	51274
1	11019
1	100885776
1	105374419
-1	3093
1	101060498
-1	55161
1	285429
-1	10463
-1	60558
1	2560
-1	57606
1	201780
-1	54940
-1	100616436
1	100506444
1	170825
-1	55858
-1	6731
-1	5431
1	3347
1	3346
1	58503
1	174
1	728040
1	2069
-1	8615
1	100616299
-1	55752
-1	55589
1	118425
-1	58478
-1	51023
-1	4299
1	1758
1	3381
1	56955
1	105369192
-1	285512
1	644248
1	2895
1	474
-1	56916
1	5161
1	84103
1	4547
1	55024
-1	101929468
-1	58505
1	645078
-1	10427
-1	55435
1	105377390
-1	677809
-1	57721
1	124900187
-1	5393
-1	84162
1	132612
1	285419
1	100302267
1	57575
1	641364
1	100874047
1	83452
-1	4258
-1	255520
-1	84640
-1	8467
1	101927636
-1	6059
-1	55751
1	100616246
-1	6189
-1	729830
1	100505685
1	100996286
-1	27236
-1	23240
1	4887
1	2891
-1	2110
-1	9693
1	152756
-1	6307
-1	1182
1	442117
1	101928590
-1	60559
1	285501
-1	60684
-1	201973
1	391723
1	441054
1	25854
1	2160
1	339976
1	101928971
-1	521
-1	2580
-1	1487
-1	7884
1	133060
1	389197
-1	80273
1	101928532
1	3166
1	100423011
1	116449
1	105374484
1	579
1	201853
1	441009
1	9982
1	101929123
-1	54876
-1	1665
1	886
1	101928622
1	101928776
1	81793
-1	6133
-1	23244
1	344967
1	101410542
1	8929
1	389206
1	170712
1	2557
1	1259
1	84708
1	339978
1	100506462
-1	9575
1	132954
-1	3490
1	105377671
1	401134
-1	55236
1	339967
-1	91746
-1	2926
1	2638
-1	26057
1	5196
1	10895
1	5470
-1	53371
-1	950
1	339965
1	345079
-1	10983
-1	246175
-1	152559
1	5593
-1	3184
-1	9987
1	439934
-1	27235
1	4825
-1	23001
-1	9524
1	9429
-1	152926
-1	285513
1	127
1	124
1	131
1	285556
1	100874275
1	150159
1	80319
1	101929577
1	27123
-1	51176
1	64850
1	84570
1	100533182
-1	81579
1	5308
1	63973
1	101929741
1	79931
1	132332
1	7222
1	101927087
-1	10424
1	100507528
1	105377441
-1	26472
1	100129858
1	7350
1	166752
1	646576
-1	54726
1	83894
1	285423
-1	987
-1	152503
1	201798
-1	5356
1	51802
-1	1519
-1	5481
1	56884
1	391712
-1	55601
-1	91351
-1	84869
-1	4750
1	105377536
1	101930370
1	140458
1	101928656
1	105377573
-1	201965
1	133121
-1	2180
1	100500818
1	256309
1	205860
1	448831
1	27201
1	102723525
1	107986178
1	105374540
-1	3516
-1	10611
1	105377451
1	100419170
1	112268472
1	84525
-1	27068
1	2994
1	9848
1	105377540
-1	92597
-1	7096
-1	10333
-1	55153
-1	285550
1	84709
1	285441
1	116984
1	389257
1	340024
1	101929081
1	102467074
1	105374624
-1	6715
-1	11044
-1	22948
-1	10299
1	101929544
1	105374676
1	56979
-1	55322
1	51289
1	153657
1	79925
1	100506406
1	105374729
1	100506495
1	106144578
-1	285636
1	100129792
1	167359
-1	10884
-1	79668
1	3670
-1	23517
1	54514
-1	4214
-1	65056
-1	57688
1	285668
1	401190
1	100132916
-1	10283
-1	23398
-1	80006
-1	55914
-1	140890
1	124900198
-1	64924
1	64946
-1	5884
-1	6606
-1	55814
-1	3842
-1	115548
1	134285
1	134288
-1	689
-1	84135
-1	3074
-1	10412
-1	3156
-1	51426
1	22987
-1	9522
1	635
-1	167153
-1	9765
-1	1462
-1	1350
-1	5921
1	285601
1	101929710
-1	4012
1	100289230
-1	23262
-1	4124
-1	134430
1	102467214
-1	167227
-1	64848
-1	1176
1	100505811
1	102467225
-1	1657
-1	3295
1	340069
-1	1456
1	389320
-1	133619
1	613212
1	28965
1	101927693
1	3562
-1	10111
1	3596
1	3565
-1	3308
1	105664404
-1	7320
-1	10802
1	107986453
-1	4090
1	100874024
1	105379191
1	27039
1	51308
-1	51247
-1	7322
1	84249
1	83697
-1	54882
-1	113829
-1	153527
1	56130
-1	9812
-1	80762
-1	54439
-1	10915
1	202374
1	153469
1	404203
1	643394
1	1044
1	91977
1	345611
1	101927096
-1	10146
1	101927115
1	2890
1	100302284
-1	23367
-1	9337
1	348938
1	100190949
1	124901122
1	101927740
-1	134510
-1	7265
1	2172
1	2559
1	2566
-1	900
-1	27430
1	57451
-1	5917
1	345630
1	257358
1	101928033
1	644994
1	101928093
-1	8992
1	107986480
1	133491
1	51617
1	4488
-1	94081
1	202134
-1	23197
1	253314
-1	26262
-1	64324
1	6569
1	100996385
-1	3182
1	345462
-1	821
-1	57472
1	79908
1	10917
1	153579
1	6550
1	100506688
1	101928857
1	7015
1	6531
-1	54888
1	100505625
1	101929261
1	729506
1	101929412
1	389273
1	1501
1	1767
-1	100616271
1	441061
-1	4651
1	401177
1	1016
1	340107
1	1007
1	64902
1	133690
1	133688
1	100506475
1	133558
1	729
1	345557
-1	10605
1	348980
1	100287592
1	642366
-1	4338
1	166979
-1	54505
-1	8611
1	79722
1	101928569
-1	10769
1	101928600
-1	643155
1	105378992
1	100506526
1	3350
-1	124900212
1	104310351
-1	84340
-1	10087
-1	5908
-1	677828
-1	8546
1	29958
-1	345778
-1	256987
1	124900204
1	103689917
1	134526
-1	6228
-1	153339
-1	902
-1	83989
-1	9652
1	5122
-1	1105
1	121232371
1	102467212
-1	64839
-1	7905
1	83942
-1	5229
-1	4015
1	101927379
-1	5480
1	102723557
1	2661
-1	27125
1	23105
-1	56951
-1	7416
1	340073
1	9597
1	389332
1	57113
1	8382
1	995
-1	2107
-1	3313
1	9963
1	9542
-1	5201
-1	4695
-1	1729
-1	8841
1	51294
-1	81555
1	153770
-1	51520
1	134391
1	100874361
1	9832
1	27190
-1	1452
1	124901221
1	5145
1	815
1	102546298
-1	55696
1	285641
1	153201
-1	2196
-1	6678
1	2741
1	9421
1	91937
1	26762
1	11063
-1	9685
1	3593
1	101927862
-1	79646
1	407001
1	693170
-1	23291
-1	92181
-1	285590
-1	91272
1	1812
-1	57179
-1	51491
-1	22838
1	3101
1	345456
1	2161
1	5626
1	91522
1	2916
1	101928445
-1	55819
-1	442908
1	255426
1	2324
1	26693
1	81786
-1	3796
-1	9782
1	101926941
1	4238
1	102546299
1	653316
1	3187
-1	9794
1	101928649
1	285692
1	105374736
1	645323
1	441094
1	101930276
-1	9140
-1	10011
1	5521
-1	475
-1	51194
-1	9879
-1	5515
-1	23061
-1	96459
-1	56897
-1	8899
1	404220
1	100507506
-1	6239
-1	83732
-1	154007
1	100506409
1	401236
-1	100874268
1	154150
1	140767
1	353219
-1	57380
1	10590
-1	10475
-1	8352
-1	3008
-1	3012
1	105374988
-1	8348
1	442194
1	7932
1	10255
1	135644
1	89870
-1	221545
-1	203068
1	135656
1	394263
1	285834
1	253018
-1	7916
1	80739
-1	6046
1	3116
1	449520
-1	3710
1	105375026
-1	1432
1	285848
-1	6428
1	401258
-1	1337
-1	9025
-1	60685
1	222642
1	10930
1	285852
1	118142757
-1	23304
-1	10695
-1	5528
-1	88745
-1	5754
-1	6722
1	84630
1	10864
1	100132354
-1	55362
1	11131
-1	3326
-1	988
-1	860
-1	23607
-1	28978
1	101927171
-1	55227
1	389400
-1	642489
-1	23469
1	112935969
1	22999
1	154288
-1	26054
-1	23033
1	167681
1	134701
1	102724201
1	3354
-1	23036
-1	23595
-1	10957
-1	135293
-1	9994
1	84694
-1	23376
1	114792
1	5454
1	59336
1	728012
1	154442
-1	55278
1	100287366
1	387111
-1	9896
-1	51362
1	8838
-1	4082
-1	221294
-1	51389
1	222546
-1	116150
1	222553
1	134829
-1	81847
1	352999
-1	84456
-1	114801
1	6943
1	102723649
1	25901
1	345930
-1	51534
1	2911
1	79747
1	106182249
-1	387082
1	105378052
1	80328
1	389434
1	100500899
-1	56995
-1	57583
1	100130967
-1	84624
1	135138
-1	9444
1	101929297
1	100289495
1	54346
1	83887
1	3834
-1	387263
1	80069
1	102724511
1	100616430
-1	6908
-1	55770
1	340156
-1	1992
1	101927888
1	101927913
-1	7020
1	347744
-1	10048
-1	6310
-1	7913
1	51473
1	9856
-1	51567
-1	81688
1	10246
-1	3006
-1	85236
1	94026
-1	8354
1	387032
1	257202
1	124901296
-1	5987
1	282890
1	11074
1	10107
-1	5514
-1	8449
-1	170954
1	11270
1	401247
1	54535
-1	7917
1	80741
1	100616230
1	80740
1	56244
-1	51596
1	117283
-1	221496
1	4295
1	100507584
-1	11165
-1	7005
1	7287
1	116369
1	389384
1	57699
-1	23787
1	221468
1	114781
-1	2739
1	89822
1	2979
-1	55173
-1	57510
-1	221395
-1	4594
1	112744
-1	9697
1	2939
1	221357
-1	22858
1	8521
-1	60481
1	81578
1	202559
-1	55788
1	100873997
-1	26503
-1	1303
-1	55754
1	3617
1	3351
1	167691
-1	25998
1	375519
-1	55122
-1	8732
1	2569
1	2570
-1	23195
-1	6885
-1	253714
1	51805
-1	892
1	6492
-1	10973
-1	5550
-1	11231
-1	28962
-1	8724
-1	27244
-1	8763
-1	9841
1	222537
1	105377959
-1	7259
1	221303
-1	57515
1	10345
-1	5796
-1	9439
1	64577
1	105378013
1	100294720
1	167826
1	100507406
1	100423001
1	100507462
1	645434
1	101928661
1	105378044
1	340152
1	353091
1	79465
1	26575
1	50508
-1	6993
1	202459
-1	6950
1	6582
1	5071
1	101929239
1	729658
1	168090
1	6862
1	285800
-1	51660
1	2853
1	6953
1	26238
1	79981
1	105378137
1	168002
-1	7058
1	401232
1	107986669
1	107986547
1	101929614
1	102725068
-1	7148
-1	6891
1	101927136
1	100507308
1	100129518
-1	10492
-1	8357
-1	22828
1	1235
-1	6745
1	285782
1	534
-1	1388
-1	6204
1	222643
1	81696
1	101927768
1	100507642
1	105375115
1	442497
1	101927000
1	101926963
1	54905
-1	7975
1	392617
-1	8662
-1	80727
-1	221937
-1	26100
-1	221960
-1	7965
-1	84132
-1	5879
-1	79034
1	728194
1	101927354
-1	9678
-1	54664
-1	28969
1	101927769
-1	55975
1	56164
-1	9603
-1	11335
1	100133311
1	100874323
1	221883
1	2692
1	117
1	223075
1	10842
-1	989
1	105375233
1	101928618
1	11281
-1	8621
1	101928773
-1	64983
-1	9263
-1	165
-1	4967
-1	5478
1	101929086
1	401335
1	136288
1	154664
1	375567
1	100129427
1	285877
1	222008
-1	908
-1	109616964
-1	25870
1	100422939
-1	51427
-1	677807
-1	168374
-1	55069
-1	26053
1	441263
-1	9883
-1	100093631
1	135886
-1	3984
-1	7458
-1	2969
-1	4191
1	222183
-1	3315
-1	222194
-1	57157
1	105375380
1	2913
-1	9988
1	154661
-1	55610
1	1780
1	6863
1	4885
-1	10898
1	64816
1	255374
1	222950
1	26261
1	2056
1	7455
1	10071
1	140453
-1	5054
1	101927721
-1	9512
-1	5701
1	375612
1	55904
1	111216280
1	5172
-1	79872
-1	1738
1	101928012
1	100500896
1	102724386
-1	51691
1	51384
1	5803
1	154860
1	142685
1	442721
1	105375483
1	401398
1	100506682
1	346653
1	84691
1	64753
-1	9296
1	57464
1	100128325
1	136263
1	1358
1	1357
1	442904
1	101928782
1	136332
-1	55281
1	1129
1	401409
1	494551
1	8972
1	135927
1	346517
1	259286
1	1180
1	285965
1	393046
1	135941
1	100289678
1	101928733
1	285972
1	26
1	168391
1	1804
1	3361
1	105375589
1	105375614
1	154822
-1	26173
1	101927125
1	402635
1	56903
-1	84629
1	100129484
-1	54476
1	100874342
-1	5395
-1	27102
-1	9265
1	392862
1	340267
-1	4697
1	1607
1	25928
-1	23161
1	256130
1	221833
1	84668
-1	29896
-1	54205
1	646588
1	406940
-1	3181
1	3203
1	3207
1	101410536
1	100500883
-1	79017
1	1395
1	105375224
1	5137
1	100500830
1	124901612
-1	6424
1	340286
-1	136647
1	101928795
1	100506895
1	2645
1	29881
-1	54606
-1	222068
-1	94239
1	23148
1	256979
1	100507500
-1	51142
1	100130849
1	105375297
1	100506050
1	105375341
1	100500836
1	83698
1	135892
-1	9031
-1	9275
-1	101926943
-1	100101267
-1	3092
-1	51657
-1	7532
-1	10875
1	10371
1	101927420
1	5244
-1	6717
1	219557
1	100302218
-1	5445
1	4951
1	25851
1	51412
1	105375430
1	93408
-1	5439
-1	27000
-1	5001
1	723809
-1	6733
1	100130771
-1	6856
-1	10135
1	22798
1	154907
-1	83943
1	101928036
1	54329
1	100506489
1	83992
1	105375475
1	389549
-1	8976
1	101928254
1	693177
1	375616
1	406958
1	136259
1	100506881
1	26266
1	124900243
1	136242
1	207147
1	9715
1	135935
1	101928700
1	136051
1	155054
1	3757
1	2636
1	392843
1	155051
1	103724390
1	338436
1	100506302
1	6469
1	5799
1	406945
1	693180
-1	441191
-1	56913
-1	26771
1	100419780
-1	114049
1	84163
1	107986821
1	100289187
-1	101752399
1	7982
-1	27099
1	3206
1	7979
1	1577
1	105375501
1	378108
1	1551
-1	50640
-1	113878
1	57639
-1	29992
1	51314
1	8468
1	29999
1	5644
1	11033
-1	11014
1	402573
-1	81628
-1	100316904
1	2128
1	11185
-1	26260
1	105379627
1	9228
1	104266957
1	645836
1	392188
1	100131608
1	503841
1	100131980
1	157273
1	203074
1	102723313
1	83650
1	2626
1	101409254
-1	137492
-1	5157
1	10
1	105379301
1	286114
-1	23039
1	10361
-1	64760
1	6440
1	55124
-1	10174
-1	57805
1	101929237
1	8794
1	8756
1	4741
-1	55140
1	101929450
1	3084
-1	84549
1	137970
1	124902062
1	105379379
-1	9070
-1	9530
-1	23259
1	203100
1	255926
-1	102465696
1	340441
-1	4173
-1	7336
1	101929268
1	54212
1	124902078
1	124901944
1	8601
1	114786
1	105375844
1	105375847
1	101929415
1	286177
1	101929488
1	90362
1	105375861
-1	5862
1	406908
-1	9650
1	100505659
-1	23213
-1	157506
-1	23643
-1	92421
1	105375623
-1	11059
-1	8895
1	168975
-1	51633
1	101926956
-1	54704
-1	54845
-1	55656
1	100422964
-1	79666
-1	9791
-1	92140
-1	55353
-1	157680
-1	5440
1	4956
1	100422992
-1	8323
-1	115908
-1	9694
-1	56943
1	10584
-1	114569
1	124906789
1	654463
1	106479020
-1	100302170
-1	23167
-1	51105
-1	8840
1	101927822
1	107986980
1	105375781
-1	54108
1	575
1	101928087
1	338328
1	104326051
-1	9831
-1	2907
-1	1537
1	340390
-1	3297
-1	65265
1	286083
1	100507435
1	101928058
1	389610
1	10407
-1	157285
1	94137
1	101929269
1	100129129
1	100500870
1	105379292
-1	29883
1	2267
1	6570
1	2675
1	203190
1	9796
1	157310
1	4824
1	137814
1	4747
1	64641
1	10687
1	81551
1	1135
1	100500871
1	286133
1	619351
1	101929470
-1	51669
1	100128750
1	56154
1	100507420
1	6770
-1	27257
-1	54904
-1	83877
1	79698
1	157848
1	286
1	27121
-1	5591
-1	6591
1	100507464
1	9705
1	389658
-1	9821
-1	51606
-1	10434
1	100133234
1	105375843
-1	26795
1	4342
1	442388
1	105375851
1	101929528
1	9760
1	401463
-1	55156
-1	5150
1	100505676
-1	80124
-1	10565
1	4538
-1	10499
-1	23471
1	9242
-1	6129
1	101805492
1	646480
1	105375929
1	85481
-1	4683
1	441369
1	389676
-1	389677
1	114515521
-1	25962
-1	94241
1	392255
-1	7381
1	169166
-1	26986
-1	7534
-1	51123
1	105375679
-1	50484
-1	51366
-1	51582
-1	81034
-1	3646
1	157753
-1	84955
1	27012
1	101927487
-1	7227
-1	5885
-1	6873
-1	79139
1	124902101
1	100131726
1	340359
1	312
1	439941
1	101927588
-1	157378
1	105375743
-1	50807
1	93668
1	51059
-1	27161
-1	442893
1	2843
1	389690
-1	1936
1	100130274
-1	286077
-1	100616318
-1	83481
-1	8694
-1	29894
-1	51160
-1	6132
1	102725080
-1	10671
1	100856811
-1	84376
1	441355
1	101928108
1	148
1	55893
1	112543493
1	286187
1	105375622
-1	83940
-1	23484
-1	23212
-1	100533105
-1	9583
1	1761
1	10655
1	84850
-1	57589
1	100616288
1	100113404
-1	6619
1	203238
1	6456
-1	55667
1	441389
1	101929582
1	27290
1	105376020
1	441459
1	5646
-1	54926
1	318
1	27019
1	415056
1	881
-1	79269
1	647060
1	653427
1	572558
-1	116224
-1	23137
1	117531
1	101927358
1	6096
1	50652
-1	23230
1	389761
1	101927575
1	401535
-1	1612
-1	1514
1	286234
-1	10927
1	100129066
1	100500821
-1	23196
-1	5253
-1	138639
-1	84641
1	441457
1	57653
-1	4686
1	2304
-1	10541
-1	10952
-1	55014
-1	27130
1	100526694
1	101928470
-1	56254
1	414319
-1	23446
-1	5887
-1	7357
-1	401548
-1	1318
-1	1317
-1	9128
-1	203197
1	107987014
-1	22954
1	101928797
-1	153090
1	254956
-1	92399
-1	23637
1	286204
1	9355
-1	10783
1	401551
-1	81873
-1	26130
-1	89853
1	7633
1	286207
1	158248
-1	1025
-1	2356
1	389791
-1	10999
-1	81605
-1	4957
-1	2733
-1	6709
-1	57720
1	256158
-1	8939
1	59335
-1	23404
-1	25
-1	8021
-1	84726
-1	10585
1	84628
-1	9329
1	8328
-1	9328
-1	6130
1	169436
1	1621
-1	11091
1	2220
1	105376314
1	10439
1	3933
1	5047
1	100130954
1	102723971
1	57582
-1	23203
1	733
1	286256
1	401563
1	375791
-1	10383
1	10811
1	55064
-1	50808
1	11172
1	6019
1	6013
-1	79956
1	100129385
-1	123
-1	401494
1	338376
1	101929563
1	100129669
1	158035
1	158038
1	138474
-1	55234
-1	2683
1	364
-1	55833
-1	203259
1	259308
1	730112
1	27240
1	26206
1	392307
1	392309
1	100616278
1	389730
1	105379447
-1	445571
1	5568
-1	375743
1	406987
-1	23670
-1	7763
1	101927258
-1	138199
-1	2776
-1	7088
-1	29979
-1	3190
-1	23287
-1	79670
1	440173
1	100423015
1	340515
1	100507103
-1	4783
-1	10558
-1	3376
-1	100500918
-1	54829
-1	1842
1	8789
1	3293
1	1515
1	340508
1	55363
1	102724684
-1	85365
-1	23071
-1	54881
-1	54534
1	229
1	84302
1	101928496
1	138799
-1	19
1	340512
1	10880
-1	8518
-1	23731
-1	7295
-1	23392
-1	22949
-1	9991
-1	58493
-1	81932
1	259
1	105376230
1	101928748
1	58483
-1	55755
-1	26190
-1	5711
-1	51552
-1	2040
1	158135
-1	4702
-1	92400
-1	54542
-1	57706
1	100505588
-1	5695
1	2516
-1	5537
-1	3309
1	101929116
-1	23452
-1	6136
1	138428
-1	2022
1	100616429
1	138429
-1	8818
-1	399665
-1	25792
-1	107080620
-1	10444
-1	389792
1	375759
-1	23048
1	347148
-1	23064
1	158067
-1	7248
-1	6834
-1	6836
1	642968
1	138948
1	1757
-1	8019
1	2219
1	100506599
-1	157922
-1	169714
-1	9919
-1	4851
1	138307
1	389812
-1	8721
1	2529
-1	29952
1	100129722
-1	441478
1	377841
-1	116225
1	100133077
1	124906859
-1	112903833
1	101929620
1	100129969
1	101926900
-1	55342
-1	79109
1	105376306
1	399693
1	401561
1	142680
-1	401505
-1	81689
-1	25934
-1	23511
1	401562
1	10850
-1	246184
-1	30815
-1	5900
1	64170
1	414332
1	6473
1	8908
1	347527
1	416
1	124900497
1	124905242
1	100288814
-1	55841
-1	3052
-1	10943
1	9758
-1	5634
1	170082
1	2742
1	104798195
-1	94056
1	5475
-1	5160
-1	51360
-1	6611
-1	1968
1	100874088
-1	5422
1	286514
1	158809
1	4113
1	4114
1	4112
1	139604
1	5009
1	101927476
-1	10159
-1	8239
-1	1654
1	60506
-1	2857
1	63904
-1	7403
1	9104
-1	8241
-1	7317
-1	369
-1	7076
1	100133957
1	729201
-1	24140
-1	10682
-1	10013
1	3266
1	79917
-1	5355
1	9506
-1	1184
1	693124
1	574504
1	653220
1	727837
1	170627
1	158787
-1	54552
-1	27301
1	90737
-1	10325
-1	29978
-1	550643
1	9754
1	139562
-1	3476
1	347516
1	347517
-1	9968
1	54413
-1	4841
1	26548
-1	6872
1	100132304
1	340529
1	101928345
1	1046
1	9383
1	57692
1	8823
-1	1349
-1	538
-1	6451
1	5456
1	1538
1	100131816
-1	139322
1	117154
1	53336
1	286499
-1	1730
1	64102
1	392509
1	56849
-1	139231
1	9075
1	139212
-1	5631
-1	11043
1	100616491
1	57529
1	401613
1	100313838
-1	10857
1	101928336
-1	292
-1	7319
-1	4694
1	158798
1	727940
-1	2747
1	124905292
-1	10735
1	100129520
1	7512
-1	404636
1	158763
-1	84295
-1	8933
1	139378
1	100128420
1	100129662
1	105373343
1	728695
1	64663
1	441525
1	389898
1	494118
-1	2332
1	4108
1	4110
1	4107
1	101927685
1	100422930
1	9248
1	139135
1	79057
1	1260
1	139735
-1	633
1	492
1	105373383
1	1852
1	554
1	5956
1	8277
-1	537
1	83740
-1	293
1	415
-1	25878
1	101928201
1	101928228
1	100616373
1	8226
-1	3730
1	171482
1	171484
1	109729169
1	92552
-1	8905
-1	5931
1	105373144
1	139105
-1	5256
-1	1964
1	23676
1	100873942
-1	23597
1	170067
1	9468
1	190
-1	257397
1	53940
1	105373175
1	101927449
-1	9282
-1	8573
1	80316
1	724087
-1	54539
1	6853
-1	2002
-1	8409
1	6758
-1	27344
-1	10245
1	778
1	8852
1	139189
1	101926971
1	280658
1	494197
1	170626
-1	8243
-1	3028
-1	10075
-1	23133
1	212
1	158880
-1	139886
-1	92249
-1	81887
1	100873930
-1	29934
1	54821
1	4435
1	109729126
1	4674
-1	51132
-1	22
1	101928469
-1	546
-1	84061
-1	51616
1	100422932
-1	254065
1	79366
-1	1121
1	102724167
-1	7105
-1	79979
1	54457
-1	2717
1	158931
1	56000
-1	90843
1	340543
-1	9643
1	158983
1	92129
-1	5716
1	1288
1	2986
-1	692226
1	57481
1	100303728
-1	55922
-1	6170
-1	3920
-1	8450
-1	29071
1	643311
-1	57187
1	139170
1	139741
-1	51114
-1	2000
1	139760
1	104266960
1	3547
1	90167
-1	57826
-1	55796
1	83844
1	124905221
-1	159090
-1	441518
-1	26071
1	100874118
-1	27316
1	83550
1	574507
-1	286410
1	6658
1	64648
1	139067
1	494119
1	100126342
1	100126307
1	100126341
1	100313822
1	574509
1	100422847
1	100126301
1	100128688
1	4111
-1	1069
1	649238
1	5973
-1	3054
1	1527
1	8270
-1	2539
1	30848
-1	100132596
1	392433
1	124905177
-1	85012
1	100132015
1	728317
1	2652
1	3581
1	101928092
1	8544
1	100126270
1	100533997
1	105373377
1	64109
-1	3188
-1	6173
-1	11230
1	142689
1	728712
1	389860
1	100289087
1	252954
1	9084
1	425057
1	84672
1	102725532
1	9081
1	474148
1	107987337
1	105379268
1	83866
1	8284
1	101927762
1	105376365
1	1109
-1	54906
-1	84991
1	3698
-1	509
-1	83860
-1	2625
1	101928298
-1	10659
-1	55526
-1	8872
-1	79723
1	644890
-1	8027
1	653567
1	221074
1	783
1	340895
1	124902595
-1	84898
-1	8028
1	256297
1	2572
-1	54518
1	645528
-1	51322
1	84569
1	105376480
-1	219771
1	414201
1	643236
-1	5599
1	6572
-1	8031
-1	8505
1	105378311
-1	7321
-1	7019
1	219621
-1	29982
-1	221035
1	124902439
1	347731
-1	23411
1	84665
-1	3189
-1	55749
-1	79009
-1	9188
-1	6832
1	80201
1	101929021
1	1305
-1	1979
-1	8879
-1	119504
-1	54541
1	170392
-1	9632
-1	118487
-1	23053
-1	132
-1	23522
-1	142891
1	414243
-1	57178
-1	10105
1	653509
1	219348
1	84332
-1	84293
-1	81619
1	387694
-1	27069
1	92211
1	170425
1	101929662
1	100507470
-1	657
-1	54537
1	100616128
-1	10556
-1	84333
-1	80351
-1	9044
-1	54708
1	5146
-1	23232
-1	54619
-1	84458
-1	84287
1	26287
1	159296
1	7479
-1	55662
1	693193
1	81621
-1	8945
1	79803
-1	9221
1	100505761
1	9148
1	159686
1	22986
-1	9126
-1	8036
1	6975
-1	6934
-1	374354
-1	57700
1	102724589
1	5407
1	5408
1	387712
1	338567
-1	9531
-1	22876
1	404216
-1	55717
1	118663
-1	59338
1	387715
1	3167
-1	23172
-1	54764
-1	56647
-1	1793
-1	10539
-1	55844
1	282973
1	85442
1	619207
1	347688
-1	23185
1	105
1	105376354
1	100216001
1	340811
1	79861
1	102723629
-1	2665
1	100628560
1	80760
1	399717
1	124902542
1	207107
1	219731
-1	11164
1	100313841
-1	22929
1	441549
1	100129213
1	101928834
1	105376444
1	387640
-1	64215
-1	5305
1	219670
-1	10006
1	387644
-1	10730
1	374308
1	55130
1	124902596
1	119180
-1	80314
-1	3688
-1	8453
1	101929397
-1	3185
1	2658
1	143162
1	170370
1	644168
1	55753
-1	100287932
1	65217
1	124900300
-1	8030
1	283025
-1	9886
1	105378328
-1	221037
1	101928887
1	29119
-1	26091
-1	1763
1	101928994
1	6865
1	84883
-1	5464
1	64106
1	4838
1	219793
1	414152
-1	54788
-1	10367
-1	310
1	79933
-1	26985
-1	11128
1	729815
1	729238
-1	101060691
1	6441
1	143241
1	105378397
-1	23063
-1	2746
-1	84896
1	55328
1	9023
1	53354
1	101926942
1	3363
-1	3416
1	101927049
-1	9124
-1	26123
1	93377
1	7093
-1	56889
-1	51013
-1	64210
1	118812
1	6425
1	100505561
-1	3257
1	101927324
-1	81894
1	9033
1	101927419
1	100423033
-1	10724
-1	79591
-1	8861
1	5309
1	5662
-1	10121
1	1586
1	255022
1	80217
1	100505890
1	114815
-1	7511
-1	10285
1	4892
1	105378500
-1	118987
1	196047
1	2834
-1	143384
-1	8661
-1	119559
-1	10935
-1	6001
-1	7073
-1	79892
-1	54780
1	80007
1	390010
1	101101772
1	253738
1	387723
1	100422867
1	54777
1	101927590
1	101927671
1	50632
1	93426
1	253264
1	105378425
-1	64421
1	221078
1	107984172
-1	6387
1	58504
1	3778
1	84545
1	124902559
1	11155
1	196743
-1	92170
-1	10613
-1	1147
-1	23412
-1	100532731
1	6585
1	112817
-1	23234
1	79955
1	1562
1	653486
1	113746
-1	60626
-1	10581
-1	8519
-1	57661
-1	64787
-1	6888
1	171391
-1	6181
-1	161
1	4586
1	10077
-1	975
1	55539
1	119774
1	390036
1	143502
1	390038
1	390061
1	340980
1	1262
1	887
1	124902623
1	338323
-1	8665
1	101927917
1	124900315
-1	10527
-1	7465
1	101928008
1	272
-1	55031
1	105376554
-1	9645
-1	55742
-1	10418
1	797
1	387755
1	340990
1	4654
1	3746
1	117195
-1	2965
-1	3939
-1	54503
1	100616118
-1	10553
1	693195
1	105376609
1	107984322
-1	10480
-1	79832
-1	55346
-1	283267
-1	10114
1	101928440
-1	4076
-1	55226
-1	847
-1	54765
1	105376633
1	102723644
-1	8539
-1	55761
1	100507261
-1	51144
1	221122
1	56981
1	101928812
-1	120071
-1	9776
1	2147
1	100507401
-1	8567
1	219432
1	219437
1	390181
1	5024
1	219537
-1	710
-1	25921
1	219956
1	92292
1	390199
-1	6809
1	81343
1	245802
1	64232
1	283197
1	728588
1	219995
1	22917
-1	79073
1	643834
1	113157
-1	374395
1	387775
1	114571
1	85329
-1	10313
-1	2011
-1	10963
-1	5331
-1	25824
1	100996455
1	116085
1	5526
-1	7542
-1	740
-1	823
-1	23649
-1	5977
-1	57410
-1	399909
1	100616284
1	254122
-1	10589
1	254187
-1	10992
-1	81876
1	102724064
1	266743
1	89
1	254439
1	91683
-1	22992
-1	156
1	57571
1	57010
-1	4041
-1	55291
1	101928200
1	2352
1	374407
-1	51400
1	101928580
-1	6188
1	105369391
-1	56946
1	726
1	4975
-1	51585
1	60494
1	7299
1	399939
1	642446
1	4544
1	159989
-1	619383
1	390243
1	100129203
1	100422991
1	105369443
1	57562
1	85016
1	100616457
1	2893
-1	472
1	399947
1	341032
1	728196
1	399949
-1	1737
1	255239
1	9177
1	3359
1	345
1	104326055
-1	9354
-1	10632
-1	4297
-1	372
1	64137
1	79849
-1	867
1	105369525
1	102724301
1	107984399
1	2900
1	7007
-1	6653
1	56253
1	219875
1	390264
1	219869
1	26497
1	26492
1	219865
1	390275
1	80071
-1	9538
1	100169851
1	399968
1	101929497
1	101929517
1	3762
1	100128239
1	112937
1	729305
-1	10410
-1	3265
-1	347862
-1	5441
1	100423021
1	100133545
1	101927682
1	29850
-1	10984
1	116969
-1	4928
1	143501
1	81285
1	401661
1	119695
1	401667
1	283111
1	3045
1	79339
1	255725
-1	1200
-1	63875
1	341277
1	26496
1	4004
1	56673
1	56676
-1	81846
-1	50862
-1	1982
-1	1457
1	100423026
1	100506305
-1	84280
1	105376561
1	101928132
1	3767
1	6833
-1	113174
1	283284
1	84867
1	117194
1	8048
1	100616426
1	120237
-1	2188
-1	55327
1	5080
1	493860
-1	1479
-1	26273
1	4005
1	6506
-1	7189
1	105376640
-1	51317
1	105376662
-1	55626
-1	392
-1	9793
-1	53
1	4607
1	5913
-1	10658
1	114900
-1	23788
-1	23360
-1	23279
1	646754
1	10798
1	282770
1	338674
1	390168
1	10394
1	219958
1	219960
-1	5007
1	100422880
-1	219988
1	2694
-1	27339
-1	1642
-1	746
-1	9219
1	79842
-1	10482
-1	23642
1	9376
1	387601
-1	25923
1	9379
1	10235
1	5837
-1	7536
1	113130
1	100130348
-1	2197
-1	84447
1	10089
-1	5970
1	101927828
-1	9158
-1	84285
1	117144
-1	10897
-1	5499
1	390212
-1	80194
-1	1119
-1	51111
-1	53838
-1	1374
1	116512
-1	219927
1	105379407
1	2249
1	2248
1	101928443
1	399923
1	5138
1	406931
-1	9873
-1	23201
-1	5870
-1	51287
-1	26005
1	100616402
1	4135
1	220032
1	283219
1	101928865
1	100126333
1	101928989
1	100422823
-1	8301
-1	1075
1	2915
-1	26973
1	105369438
1	100128386
1	253935
1	9313
1	838
1	59082
1	105369473
-1	4863
1	100132078
1	80975
1	120400
1	54827
-1	84811
1	116519
1	57453
1	100526771
1	6330
-1	56912
-1	1656
-1	283149
-1	6230
1	283152
1	83552
1	649133
1	101929227
1	406882
1	390259
-1	3312
1	105369541
1	100616319
1	390260
1	220296
1	84623
1	101929538
1	219833
1	63970
-1	29068
1	11095
1	100874333
1	219938
-1	27315
1	497258
1	105369363
1	101928823
1	100506258
1	341019
-1	1937
1	338694
1	124902744
1	105369490
-1	10072
-1	51075
-1	54949
1	83875
1	143941
-1	3703
-1	1315
-1	5682
-1	5286
-1	79796
1	23584
-1	1351
1	440073
1	100292680
1	654429
1	775
1	56341
1	105369609
1	3742
1	3741
1	4908
-1	928
-1	4055
1	341392
1	360030
1	79923
1	338339
-1	1911
1	144571
1	100499405
-1	23710
1	255308
1	101928162
1	338817
-1	55729
1	5149
1	4033
-1	55297
-1	55711
1	441631
1	283461
1	29951
1	101927038
1	105369738
1	387856
1	341567
1	121273
1	7471
-1	84790
1	5630
1	79962
1	23416
1	7009
1	100286844
1	101927292
1	359
1	363
1	2819
-1	57609
1	283471
-1	25875
-1	9802
1	341405
1	113523638
1	100127967
1	3489
1	8435
-1	6667
1	3229
1	440101
-1	22818
1	102724050
1	58158
1	390321
1	341416
-1	29095
1	84872
-1	5939
1	11318
-1	4035
1	83729
1	2735
-1	114785
1	3798
-1	79837
1	105369785
-1	11260
-1	29110
1	23329
1	103625681
-1	55832
1	101927922
-1	57122
-1	4193
-1	11052
-1	10818
-1	10576
-1	4848
-1	124900332
-1	23011
-1	64786
1	101928137
1	6857
1	374462
1	4618
1	102724663
-1	160418
1	439916
1	105369907
-1	28977
-1	121441
1	196475
-1	5250
1	100302217
-1	55681
1	429
1	101929058
1	55576
-1	23325
1	121551
-1	11137
1	9671
-1	23479
1	1610
1	283446
1	160762
1	100131138
1	105369984
-1	8550
-1	10961
-1	5781
1	22895
-1	4940
-1	4939
1	387885
1	113675
-1	5985
-1	5037
1	84530
1	160777
1	387890
-1	8655
-1	9921
1	6927
-1	80196
1	254050
-1	8562
1	91574
-1	10959
1	196385
-1	140707
1	114795
1	101927464
1	100128554
1	105370061
1	400087
1	100862680
1	283352
1	101927735
1	9271
-1	5901
1	116437
1	107161159
-1	8408
-1	57634
1	22953
1	574538
1	6539
1	6540
1	102723544
1	93589
1	100271702
1	283440
1	83714
1	101929469
1	8074
1	101929549
-1	7132
-1	11331
-1	10162
1	26253
1	57379
-1	8076
1	387836
1	100506159
1	400002
-1	64581
-1	4973
1	113523642
1	50835
-1	50865
1	83445
1	2904
-1	397
1	79785
1	89869
1	2998
1	6660
1	55259
1	160492
1	728858
1	100287284
-1	51290
-1	10526
1	341359
-1	124900327
-1	83448
1	440097
-1	81539
-1	54407
1	100233209
1	124900322
1	8909
-1	51564
-1	7421
-1	140461
-1	904
-1	112
-1	9416
1	7480
1	23109
-1	10376
-1	7846
1	101927267
1	144233
1	283332
1	101927318
1	3891
1	3890
1	140807
1	319101
1	3849
1	3848
1	3850
1	196374
1	11016
-1	114108587
1	100874366
1	100874365
1	4778
-1	25946
1	644076
1	90070
1	9840
1	283365
1	3679
-1	6601
-1	283373
1	319
-1	10728
-1	4666
-1	5557
-1	6778
1	105751187
-1	10540
1	2583
1	10677
1	283387
1	101927653
1	115749
1	109729131
1	105369810
1	101927901
1	55801
1	100507250
1	144453
-1	196441
1	3747
1	84698
-1	11103
-1	114882
1	8499
1	160419
-1	7334
-1	55967
1	84101
1	120935
-1	4048
-1	5128
1	643770
1	120863
-1	400
1	107984548
-1	79023
-1	4801
-1	84102
-1	55198
1	100287944
1	100505978
-1	1407
-1	11108
1	102723562
-1	9733
1	55530
1	84983
-1	9815
-1	51699
-1	5501
1	105369980
-1	6311
-1	124903094
-1	283450
1	64211
1	54997
1	4842
-1	55884
-1	51347
1	105370024
-1	11021
-1	51499
-1	51367
-1	121665
-1	6249
1	8843
-1	55206
-1	9612
1	400084
1	101927592
1	107984450
1	101927637
-1	121260
1	121256
1	50614
-1	5426
1	101928597
1	647589
1	101927608
1	8091
1	102724680
1	100506691
1	144347
1	124903045
1	5545
-1	84324
1	100506465
-1	102659353
-1	1431
1	4640
-1	10094
-1	377
1	27239
1	81575
-1	54458
-1	5094
1	140465
-1	5715
1	144406
-1	8085
1	246329
-1	51643
1	3225
1	348021
-1	7750
1	104355137
-1	10284
1	100506697
1	100861547
1	479
1	102723318
-1	9818
-1	1024
-1	6144
-1	2971
1	3651
-1	255967
-1	51371
1	23281
-1	10208
1	100874158
1	122046
-1	23047
-1	11340
-1	51569
-1	57511
1	100507240
-1	160851
-1	11215
1	144809
-1	29103
1	100874259
-1	83548
1	220082
1	100874082
-1	9445
-1	5925
1	57105
-1	22862
1	2862
1	83446
-1	9724
-1	10910
1	100874195
1	100874086
1	100874151
-1	7347
1	729420
1	102724076
1	171425
1	7546
1	267012
1	104326054
1	104355146
1	3621
1	121793
1	105370369
1	101928616
1	2155
-1	3916
1	6011
1	100506394
1	643365
-1	283489
1	54055
1	7278
1	100101938
-1	55269
1	2700
-1	64328
1	101930748
-1	143
-1	9107
-1	219333
-1	222484
1	1045
-1	283537
-1	5412
1	100861573
-1	10808
-1	116828
-1	55578
1	103695431
-1	10631
-1	80209
1	400123
-1	1997
-1	23078
1	55068
1	79024
1	144817
1	220081
1	283514
1	3356
1	100862704
1	100129597
-1	3839
1	2974
1	647166
-1	26512
1	100507428
1	100874157
1	144766
1	338862
1	57626
-1	22894
-1	9882
1	104355296
1	100500861
1	100874208
1	84189
1	105370308
1	144776
1	100873969
1	1638
1	100874194
1	87769
1	282706
1	100885782
1	100129836
1	496
1	105370177
1	100861552
1	101928752
1	100861554
1	10161
1	124903183
1	100874187
1	283486
1	54937
-1	4860
1	338879
1	254028
1	122664
1	26686
-1	5018
-1	4323
-1	26020
1	161253
1	101926933
-1	55017
1	100507650
1	64806
1	116173
1	90668
1	9362
1	107984685
-1	55632
1	101927124
1	100506237
1	100129794
1	105370458
1	145581
-1	55015
-1	4247
-1	23588
1	124903423
-1	81542
-1	122786
-1	51637
-1	5706
-1	6815
-1	122809
-1	93487
-1	3895
1	645683
-1	54916
-1	55745
-1	55860
-1	5684
1	387990
-1	9786
-1	5494
1	83851
-1	23224
-1	4522
-1	22890
1	105370540
1	440184
1	161142
-1	1965
1	145226
-1	55334
1	400224
-1	9766
-1	22990
-1	26037
1	9628
-1	58517
-1	5663
-1	79697
1	80127
1	338917
1	55237
-1	1743
-1	8892
1	79696
1	2103
1	145497
1	105370578
1	283575
1	100302236
1	100628307
1	7253
1	101928599
1	55812
-1	79882
-1	55775
-1	5700
-1	801
1	400238
1	101928909
-1	53981
1	123041
1	1113
1	319085
1	57578
1	341947
1	90050
1	256369
1	78990
1	122509
1	57718
1	100506999
1	122481
-1	10914
-1	7443
1	283598
-1	8812
1	10858
1	442905
1	574038
1	574034
1	574451
1	442915
1	494328
1	768212
1	574453
1	378881
1	101929422
1	145200
-1	1983
1	145216
1	26153
1	145195
1	400258
1	64423
1	122622
1	338005
-1	109616976
1	123103
1	440163
1	390445
-1	3183
1	6297
1	26534
1	105370400
-1	1603
1	79549
-1	22985
1	100128908
1	4624
1	4625
1	105370409
1	55449
1	51016
-1	26277
1	7051
-1	115817
-1	27141
1	29091
1	124900350
1	105370424
1	105370423
1	105370425
-1	25831
1	2856
-1	55837
-1	58533
-1	11177
-1	253959
1	26257
-1	122553
1	124907392
-1	54813
1	105370474
1	161357
-1	6235
1	196913
1	8814
-1	11183
-1	22795
-1	30001
-1	80821
1	105370503
-1	10175
-1	11169
1	645687
1	5015
-1	10640
1	55195
-1	26520
1	101927702
1	27133
-1	5529
-1	7597
1	6710
-1	4149
1	100616176
-1	5283
-1	677
-1	8816
-1	2079
1	124900353
1	6547
-1	100529257
1	8110
-1	8650
-1	10577
-1	4053
1	83694
1	102724153
-1	11161
-1	23357
1	283576
1	58157
-1	8846
-1	22938
-1	2957
-1	677845
1	54207
1	105370616
1	101930294
1	105370623
-1	440193
-1	55671
-1	5641
-1	55727
1	283592
-1	57062
1	51156
1	866
1	256394
1	327657
1	145264
-1	23405
-1	55102
-1	84193
1	388015
-1	3320
1	388021
1	100616300
-1	55038
1	100507437
1	102725045
1	387978
-1	145389
-1	91612
1	283587
1	623
-1	91833
-1	100528064
1	253970
-1	379025
1	390502
-1	3091
-1	81892
1	8755
-1	23093
-1	55148
1	5267
1	283643
1	196883
1	7080
1	729665
-1	10490
-1	10001
-1	1112
-1	4738
1	145483
1	283767
-1	114791
-1	23191
1	23742
1	100033422
1	100033441
1	100033455
1	100036564
1	100033807
1	100033811
1	100033812
1	100033815
1	503519
1	101926911
-1	51621
1	256646
1	100507480
1	124903595
1	145942
-1	283742
-1	7057
1	100505534
-1	440275
1	27079
-1	6692
1	79094
-1	11261
-1	23269
-1	55142
-1	80021
-1	27229
-1	2923
-1	113201
-1	51496
-1	8669
1	9153
-1	26258
-1	58472
1	105370809
-1	23741
-1	9101
-1	23431
1	29106
-1	29766
-1	5597
1	105370822
-1	9488
-1	6938
1	3990
-1	54629
-1	54778
1	9245
1	27023
1	101928850
-1	51762
-1	9960
-1	23060
1	123264
-1	51495
-1	8766
1	100422905
1	102723165
1	390598
-1	8554
1	10391
1	79400
1	283673
1	145837
1	54839
1	10002
1	338949
-1	25820
1	342096
1	100287559
1	161514
-1	4016
-1	5371
1	57611
1	729739
1	1544
1	79748
1	161753
-1	26263
1	123591
1	64843
1	9051
1	101929457
1	101929478
1	646892
-1	3658
-1	5685
-1	10933
1	100129540
1	406960
-1	58489
-1	57214
1	161502
1	283726
1	283692
1	6457
-1	9640
1	57538
-1	5151
1	123624
1	145978
1	283738
-1	64963
-1	11057
-1	8826
-1	64784
1	145820
-1	140460
1	105371027
-1	81614
1	283685
1	100616275
-1	7337
1	728310
-1	7082
-1	54893
1	4308
1	161725
-1	56851
-1	79768
-1	9990
-1	55505
1	57369
-1	9716
-1	54989
-1	161835
1	11245
-1	6727
1	644809
-1	54617
1	51332
-1	30844
1	283748
1	255189
-1	23339
1	693212
-1	25963
-1	64397
-1	146057
1	2038
1	116179
-1	146050
1	161497
-1	4236
-1	80208
1	50804
-1	2200
-1	9318
1	3067
-1	55056
-1	54822
-1	84888
-1	23312
-1	123169
1	112543478
1	100302202
-1	10776
1	3175
1	101928499
1	256764
-1	51187
1	101928694
-1	102
-1	79811
-1	663
-1	79664
1	107984784
1	197003
1	494334
-1	84191
-1	53944
-1	4947
-1	51324
-1	54956
1	57722
-1	54878
1	84465
1	102723481
-1	79719
1	124903594
-1	7090
1	196993
1	123346
1	10021
-1	27020
1	9399
1	283731
1	1583
1	100616183
-1	10066
-1	9377
1	101929439
-1	80349
1	1136
1	1143
1	101929586
1	100616181
1	342125
1	84206
-1	6218
1	338963
-1	53339
1	101929743
-1	3418
1	374659
1	91948
1	145814
-1	22856
-1	80213
-1	100288637
-1	1159
-1	25764
1	254559
1	105369201
1	2628
-1	100533483
1	102723548
1	105370985
-1	89839
1	283683
-1	56965
-1	100526783
1	399697
1	100134368
1	84331
1	9028
1	6755
-1	7329
-1	84572
-1	4716
-1	9351
-1	7249
-1	84231
-1	54442
-1	23524
1	283875
1	4993
-1	79903
-1	84662
-1	9093
1	342346
-1	23295
1	146562
-1	29855
1	9717
-1	79091
-1	5373
-1	29035
-1	23274
-1	8303
-1	51283
-1	100288332
-1	23420
-1	23042
-1	4363
1	728276
1	54988
1	123876
1	146177
1	100288072
-1	29904
-1	55718
-1	613037
1	63928
1	10368
-1	5930
1	343
1	9951
1	102723536
1	79831
1	55911
-1	112869
-1	11273
-1	54700
1	653808
-1	4150
1	253982
1	146378
1	29895
1	51333
1	100616405
-1	78994
-1	64319
1	100313837
1	1489
-1	9739
1	493829
1	3681
1	6524
1	51327
1	653550
-1	5257
1	123970
-1	255919
-1	55027
-1	5934
1	79190
1	6530
1	2775
1	100500891
1	4504
-1	4501
1	6559
1	1071
-1	5432
1	222487
1	84229
1	146227
1	106699570
1	766
1	6553
1	55282
-1	10664
1	50855
1	388284
1	55815
-1	10204
1	406932
-1	23450
1	100130894
1	10164
-1	9798
1	283902
1	440387
1	101928203
1	283927
1	57687
-1	23300
1	53630
-1	80790
1	54550
1	123872
1	58189
-1	9100
-1	83716
1	400548
1	2300
-1	81631
1	161882
-1	27189
1	339059
-1	51693
1	1013
-1	6137
1	1800
-1	22980
-1	8131
-1	55692
1	146336
1	645811
1	390667
1	254528
1	64711
1	6123
-1	6187
-1	90850
1	100188847
1	57524
-1	10921
-1	5170
1	83886
-1	6923
1	260429
1	109616997
1	124221
-1	54985
1	84891
1	646174
-1	10131
-1	1387
1	6345
-1	57407
-1	29965
1	124404
1	146556
-1	7874
-1	2013
1	146279
1	5619
1	400499
-1	29066
1	400500
-1	26156
-1	2935
-1	5073
-1	123803
-1	9665
-1	123811
-1	23049
-1	51573
1	124274
1	2813
1	7369
1	204474
1	348158
1	55567
1	1428
-1	91949
-1	4706
-1	79728
1	10595
-1	55114
1	146395
-1	23214
1	79874
1	83723
1	79153
-1	109616959
-1	79077
1	112755
1	79759
1	260434
1	1339
1	283933
1	649159
-1	55737
-1	10294
-1	81533
-1	9683
1	869
-1	29117
1	221223
1	283856
1	26077
1	51090
1	92922
1	1258
-1	23019
1	1006
1	26231
1	146212
1	51673
1	181
1	84080
1	64174
1	100506083
-1	55697
-1	164
1	54957
1	83449
1	100033411
1	170692
-1	4094
1	339145
1	732275
1	400550
1	100506581
-1	23174
-1	8140
1	763
1	400553
-1	2588
1	390748
1	11105
1	3050
1	101929387
1	112268176
1	102724485
1	112268173
1	124903770
1	112267895
1	102467079
1	283854
1	100506542
-1	100132247
1	105371267
1	102467146
1	123879
1	64714
1	26063
-1	527
1	3240
-1	90861
1	283849
-1	107282092
-1	552900
1	286753
-1	5176
1	101927839
1	26189
1	8383
1	400568
-1	409
1	388323
1	339166
1	23302
1	162517
1	6517
1	339168
1	201243
-1	5430
1	55135
1	1949
1	146754
-1	23135
1	3000
1	146852
1	146845
1	388336
1	1770
1	93649
1	101928475
1	256223
1	83450
1	51168
1	400579
1	147166
1	10517
1	125206
1	7732
1	101060544
1	3768
1	440419
-1	3965
-1	51701
1	284086
1	51268
1	100616122
-1	57551
1	374786
1	406968
1	100616449
-1	55288
-1	7756
-1	5717
1	124912
-1	6347
1	124842
-1	3980
1	146862
1	91608
-1	8148
1	105371745
-1	79893
-1	84311
-1	30837
-1	4302
-1	5691
1	100131347
-1	51755
1	100505591
1	284110
-1	5709
-1	339287
-1	22794
-1	147179
-1	5914
-1	3487
1	728318
1	100507608
1	100505782
1	317719
1	83538
-1	1267
-1	535
1	3292
-1	80347
-1	6945
-1	7283
-1	27175
1	65266
1	124817
-1	10197
1	2538
-1	6155
1	8153
1	284067
1	146894
1	23591
1	10900
-1	2896
1	4185
1	388389
-1	4836
-1	10614
1	124790
1	162540
-1	9570
1	4635
-1	9520
-1	3837
1	90506
-1	6668
1	100874351
-1	10241
-1	65264
1	10642
1	124871
1	4804
1	11248
-1	11143
1	1748
1	6442
1	84073
1	8913
1	124857
1	400604
1	440446
1	84643
-1	10040
-1	8526
-1	8165
-1	124540
-1	140735
1	8288
-1	55181
1	100616204
-1	1213
-1	81671
-1	6198
1	101927755
1	124773
-1	8493
1	9496
-1	26115
1	81033
-1	10238
-1	4215
-1	11325
-1	5705
-1	90799
-1	26207
-1	25926
-1	5573
1	101928205
-1	9382
1	400620
-1	6169
1	64446
1	124602
1	350383
1	326624
-1	9368
1	347741
-1	3396
-1	79637
-1	79902
-1	51081
1	100287042
-1	9772
-1	283989
-1	85451
1	8811
-1	100507246
-1	79157
1	146664
-1	6397
-1	10801
1	100141515
-1	9144
-1	57674
-1	57521
1	388428
1	25794
1	83882
-1	9146
-1	5881
-1	2873
-1	3607
-1	6904
-1	7531
-1	1398
-1	10594
1	406994
1	79066
-1	23277
1	100302208
1	4991
1	4994
1	8388
-1	55421
-1	23140
-1	51479
-1	7326
1	1145
-1	5216
1	23746
1	100616401
1	284111
1	83659
1	100506755
1	432
-1	442898
-1	23399
1	9196
1	242
1	146849
1	388333
1	162387
1	201140
1	644070
1	8735
1	4626
1	4622
1	4620
1	4621
1	101928418
1	105371541
1	100874058
1	100616125
1	64518
-1	9611
1	57336
1	284191
-1	8533
1	100861516
1	254272
1	146802
1	218
1	339184
-1	23326
1	339263
1	100616277
1	7448
1	147011
-1	57649
-1	57532
-1	85464
-1	51379
-1	2124
-1	4642
1	40
1	54475
1	146861
1	246176
1	79148
1	57151
1	6360
1	102723471
-1	31
-1	11276
-1	11056
1	440435
1	101929494
-1	7703
1	388381
-1	9349
1	494188
1	390790
-1	5469
1	4761
-1	9862
1	192666
1	353288
1	162605
1	81851
1	85354
1	100505753
1	3883
1	3884
1	3885
1	8688
1	8689
1	3860
1	147093
1	3857
1	284116
1	9001
-1	47
-1	7266
-1	2648
-1	5878
1	23415
-1	6777
-1	162427
1	2826
-1	2145
1	100190938
1	4355
1	5539
1	6521
-1	51629
-1	23131
-1	9343
1	339192
-1	284058
1	114881
1	90507
1	3218
1	84366
1	10481
1	284076
1	2695
1	2793
1	162466
-1	22834
1	101927207
1	255061
-1	1277
1	253962
1	55018
-1	10140
-1	9043
1	101927274
1	56934
-1	1353
-1	7706
-1	8161
1	101927581
-1	51649
-1	6426
1	101927666
-1	6827
1	124535
-1	4591
-1	348235
-1	51136
-1	10513
-1	57508
-1	9969
1	162333
-1	80774
-1	92335
-1	57003
-1	6603
1	1443
1	2689
1	6329
1	3384
-1	2081
-1	55852
-1	64750
-1	10672
1	350
-1	9931
-1	5718
1	400618
1	124599
1	342510
1	2905
1	2232
1	283985
1	124590
-1	10476
-1	51155
-1	23163
-1	2885
-1	3021
-1	23558
-1	51
1	2302
1	114804
1	55808
-1	6427
1	400624
1	100996291
1	8632
-1	57602
1	146713
1	100616170
1	57332
1	101928766
-1	9775
-1	6448
1	400627
1	9625
1	724027
-1	124565
1	284186
-1	71
-1	80233
-1	55666
1	5148
-1	396
1	255275
-1	51181
-1	64118
-1	2194
-1	1453
-1	56270
-1	440400
-1	654364
1	105274304
1	101928514
1	101928674
1	101927911
1	119139905
1	100128006
1	4843
-1	440434
1	102724508
1	101927557
1	101927539
1	100130520
1	100132174
1	101928710
1	101928855
-1	6844
1	1444
-1	2186
-1	3838
1	1140
1	3690
1	125113
1	85285
1	3216
1	147183
1	342574
1	390792
-1	107984156
-1	9097
1	27098
1	116
-1	23347
-1	10627
-1	103910
1	201477
1	100616244
-1	201475
-1	11031
-1	9218
-1	8774
1	342850
1	1149
-1	55125
-1	8731
1	4161
-1	6632
-1	29919
-1	125488
1	729950
1	7276
-1	51444
1	4225
1	441818
1	80816
-1	2589
1	101927900
-1	5289
1	8170
1	112268408
1	110175910
-1	9811
-1	4200
-1	23335
-1	10892
-1	55205
1	28316
-1	57614
-1	54877
1	643542
1	400658
-1	7776
1	2587
-1	7525
-1	64863
-1	9663
1	8736
-1	9989
-1	5771
-1	114799
1	124900411
1	64693
-1	6760
1	83539
1	1823
1	374864
-1	25800
-1	57724
-1	9050
1	125336
1	29906
-1	9063
1	652991
-1	54808
-1	10449
-1	8932
-1	9352
1	100885779
-1	4677
-1	5205
-1	3998
1	147372
-1	23556
-1	2531
-1	54495
1	101060542
1	147381
1	201456
1	101927188
1	284260
-1	103091864
1	105372132
1	105372147
1	105372155
1	105372180
1	100505797
1	101927606
1	100287082
-1	4089
-1	497661
1	610
-1	5725
1	5657
-1	1265
-1	2879
-1	90007
-1	26528
1	10297
1	390874
-1	1455
1	113177
-1	84444
1	360200
1	80032
1	79816
1	8698
-1	56926
1	60680
-1	4782
1	85300
-1	51588
1	84699
1	170961
1	79187
1	284424
1	407045
-1	25873
1	257062
1	81616
-1	8192
1	92359
1	2015
1	284428
1	729458
1	374877
-1	57192
-1	100131801
-1	6813
1	10332
-1	6234
-1	9230
-1	4670
1	284383
1	85509
1	101928238
-1	59286
1	3386
-1	3609
1	693223
1	26526
1	126068
1	126069
-1	811
-1	5886
1	199699
-1	112939
-1	28974
1	342977
-1	90379
1	117579
1	26658
1	126402
1	126410
1	66002
1	148231
1	126536
-1	7171
-1	4218
-1	26017
1	284434
1	9002
-1	4650
-1	64981
-1	79016
1	199786
-1	79709
1	23149
-1	115098
1	3780
-1	84769
-1	79036
-1	7311
-1	23373
-1	5976
-1	23383
-1	54815
1	693225
-1	56242
-1	81931
-1	90649
-1	170959
1	9745
1	100507527
1	100996665
-1	390916
-1	26065
-1	10054
1	100652911
1	6324
1	3249
-1	53827
-1	7392
1	100128682
1	102723617
1	2116
1	11045
1	27033
1	84063
1	333
1	101927599
1	84911
1	148268
1	57828
1	6261
-1	55095
1	10683
1	348303
1	148003
-1	5704
-1	23646
1	57731
-1	92799
-1	6626
1	1555
1	1553
1	1572
1	1084
1	63946
1	64763
1	284339
1	100289650
1	57126
1	390940
1	7638
1	7773
1	7768
1	353355
1	147710
1	388551
-1	1209
-1	10849
1	147699
1	100287177
1	2696
1	388553
1	3171
1	374918
-1	2909
1	27202
-1	29998
-1	6415
1	1406
1	163071
-1	2014
1	26291
-1	4924
1	93659
1	27120
1	147872
1	100507003
1	5639
-1	160
-1	81857
1	4606
1	342918
1	2854
1	284369
-1	2359
1	147658
1	147660
1	503834
1	574464
1	574466
1	574467
1	574472
1	574477
1	574479
1	574481
1	574483
1	574486
1	574494
1	574495
1	574497
1	574498
1	100302205
1	442916
1	91663
1	59285
-1	4849
-1	114823
1	79166
1	9437
1	124904795
-1	6158
-1	147807
-1	11338
1	729974
1	147945
1	101928886
1	85569
1	386758
1	147949
1	57573
1	57663
1	646862
1	100131691
1	65996
-1	8612
1	51298
1	126567
-1	55658
-1	91300
-1	91304
-1	5434
-1	22904
1	255057
-1	399664
-1	6929
1	148229
-1	57455
-1	83855
1	255193
-1	55643
-1	2872
-1	8943
-1	100302283
1	126306
-1	6449
1	6915
-1	23396
1	84839
1	23217
-1	1938
1	729359
-1	56005
-1	8498
1	5990
-1	4298
1	5623
-1	8570
1	284427
-1	3643
-1	56949
1	2208
-1	1994
1	256949
-1	284382
1	125962
1	374879
-1	7675
-1	54811
-1	8666
-1	125950
1	53637
-1	10053
1	147841
1	115948
1	1995
-1	84337
1	79973
-1	4125
-1	30000
-1	7001
1	83546
-1	1777
1	10661
1	773
1	342979
1	646457
-1	5566
-1	22859
-1	3337
1	26333
-1	23476
-1	26993
1	114770
1	8529
1	117286
-1	58513
1	83878
-1	83483
1	100130519
1	23025
1	3594
1	5143
-1	3727
-1	10147
-1	57794
-1	51291
-1	57130
-1	440515
-1	100129842
1	374890
-1	440519
-1	171392
-1	148213
1	100420587
1	284395
1	400685
1	100128675
1	495
1	58510
1	4868
-1	7305
1	199745
1	374899
1	100631378
1	83889
1	8193
1	199720
1	115727
1	147968
1	3960
1	126432
-1	54623
-1	6217
1	1178
1	148014
1	147746
1	57716
-1	645
1	1548
-1	7040
1	1087
1	147719
1	2901
-1	2931
1	1088
1	5670
1	5673
1	284344
1	5678
1	653583
1	126298
1	7772
1	7733
1	125931
1	388550
1	100616355
-1	6633
1	147912
1	81492
-1	8189
1	339345
1	388555
1	57469
1	147906
-1	25865
-1	1175
-1	23211
1	6543
-1	8775
1	284355
1	56344
1	93233
-1	10945
1	54854
-1	6141
1	126147
1	284359
1	2523
1	7288
-1	2997
1	3972
1	3743
1	3270
1	100422979
-1	8463
1	57030
1	406942
1	60385
1	80199
-1	51231
1	126123
1	9476
1	84258
1	50944
1	105372440
1	11012
1	43849
1	125875
1	3982
1	147646
1	162967
1	342926
1	112401
1	91662
1	284415
1	441864
1	199713
1	352909
1	6861
1	5794
-1	22870
1	284418
1	729956
1	646643
1	163033
1	126204
1	342933
1	79149
1	90485
1	114026
1	503835
1	65982
1	79673
1	116412
1	10998
-1	27243
1	4099
1	111216276
-1	51295
1	110806280
-1	9454
1	101929164
1	105372348
1	101927411
-1	26819
1	5675
1	11026
-1	1785
1	7673
1	346
1	3770
1	3805
1	3812
1	3802
1	3809
-1	126328
1	7568
1	163051
-1	10523
-1	79939
-1	11316
1	199746
-1	3191
1	115290
1	1549
1	5671
1	440533
1	7771
1	353514
1	23547
1	1
1	400830
-1	83541
-1	9491
1	101929010
1	727993
1	343641
1	117532
-1	10528
1	100134015
-1	8455
-1	57506
-1	80025
-1	5621
-1	8760
1	1114
1	6616
-1	79133
1	140733
-1	6629
1	56914
-1	11034
1	140836
1	440757
-1	10483
-1	388789
-1	51126
1	26074
1	3642
-1	22803
1	100270679
1	100505664
-1	29107
1	400839
1	284800
1	245936
1	140875
1	100422904
1	85366
1	164395
1	343702
1	140706
-1	9777
-1	22919
1	80341
1	128859
1	359710
1	149954
1	51297
-1	128866
-1	22913
1	434
-1	83737
-1	693229
-1	83658
1	57644
1	140846
-1	22839
-1	10398
-1	6185
1	100287792
1	671
-1	57148
-1	7150
-1	5335
1	101927159
-1	4605
1	84969
1	140902
1	3172
-1	79183
1	11142
-1	7529
1	11317
-1	51604
1	164237
-1	11065
-1	5476
-1	63935
1	57468
1	100500814
-1	8202
1	284749
-1	10564
-1	1434
-1	55661
-1	441951
-1	23315
-1	55905
-1	6615
1	101927541
1	100506115
1	100506175
1	105372672
-1	116151
-1	1477
1	23626
-1	55544
-1	57403
-1	9217
-1	51497
1	116154
1	60437
1	693231
-1	26039
1	9885
-1	11047
-1	6227
1	4923
-1	11054
-1	54994
1	100144597
1	100192386
1	57642
1	100130587
-1	79144
-1	7165
-1	80331
-1	24148
1	4661
-1	140680
-1	128637
1	51378
1	128646
1	100289473
1	5173
-1	3420
-1	64773
-1	22888
-1	65992
-1	25943
-1	1059
1	100302282
-1	29058
-1	5111
1	100507629
1	101929207
-1	56261
1	101929265
-1	8195
-1	182
1	101929413
1	101929486
-1	51575
1	80343
-1	55614
-1	10741
-1	51340
1	105372556
1	101929608
1	101929663
1	140828
1	3170
1	200261
-1	63908
1	128822
1	1473
-1	57136
1	284798
1	284801
1	101928906
1	245932
1	245934
1	245937
1	128853
1	284805
1	140732
1	101929746
-1	8894
-1	191
-1	128869
-1	26133
1	128876
-1	9584
-1	647979
-1	57446
-1	25939
-1	5933
1	100861522
-1	9675
-1	10955
1	140730
1	100505826
1	149708
1	8785
1	27296
1	280664
1	7125
-1	63925
1	109729184
-1	57727
1	64405
-1	51006
-1	63916
1	55713
-1	23613
-1	55959
1	102723483
-1	6780
1	3745
1	101927586
1	140876
-1	23394
-1	8813
-1	7764
1	100422883
-1	1522
-1	6874
-1	5688
-1	81928
-1	10732
-1	11083
1	128408
-1	54915
1	3785
1	6725
-1	54963
-1	10287
1	198437
1	2832
1	9751
1	
1	124904963
1	128817
1	101929698
-1	100527943
1	6406
-1	90196
1	105376992
-1	2778
-1	55968
-1	27131
1	105372564
-1	55741
-1	3692
-1	8904
1	100526773
-1	387522
1	101927512
-1	51012
-1	112268269
-1	55969
-1	2280
-1	6628
-1	387521
1	284757
-1	10137
1	6407
1	4685
1	54143
-1	2551
1	100996571
1	100616243
1	105372763
1	54088
-1	10600
1	193629
1	140258
1	337976
-1	6647
1	116448
-1	3454
-1	6651
1	100506385
1	53820
-1	1859
1	150084
1	5121
1	124900473
1	100423023
1	124900472
1	89766
-1	54145
-1	7109
1	105372833
1	326
1	105372840
1	5651
1	387486
1	378828
1	54072
-1	54148
1	101927973
-1	26046
-1	10694
1	643803
1	643812
1	100422891
1	337960
1	337882
1	337971
1	337974
-1	57466
1	56245
-1	2618
1	3753
1	124900474
1	100133286
1	101928435
-1	54014
1	1826
1	100874326
1	150135
-1	49854
1	7032
1	89765
-1	7307
1	105372832
1	54084
1	386680
-1	6612
1	388830
1	6285
1	4731
1	105372839
-1	56683
-1	539
1	727701
-1	23765
1	100996342
1	100130717
1	83733
1	102725072
1	23617
1	150197
1	645426
1	7625
-1	1399
1	101928891
1	439931
1	9127
1	400891
1	150221
-1	7332
1	164592
1	648691
1	9609
1	266747
1	150248
-1	6598
1	29774
1	51733
1	129049
1	84700
1	23544
1	1413
-1	2130
-1	29796
1	550631
1	100422912
1	150291
-1	55000
1	10738
1	105373006
1	105373010
1	100500826
1	100506241
-1	3956
1	8484
1	164668
1	4248
1	8911
1	9402
1	2847
-1	2033
1	27254
1	150365
1	339674
1	105373051
1	101927447
1	105373054
1	758
1	101927526
1	55007
1	124905134
1	5465
1	339685
1	100422916
1	100128946
1	56666
1	29781
1	150160
1	128954
1	101929372
-1	7353
1	10587
1	388849
1	284865
1	150223
-1	5594
1	27156
1	388882
-1	400916
1	646023
1	440822
1	1414
-1	23760
1	25770
1	10633
-1	162
1	55954
1	101929664
-1	10291
1	200312
1	266629
1	100500901
1	25775
1	150297
1	10739
1	8224
1	100616295
1	4151
1	10369
1	5816
1	339669
1	164656
1	129138
1	84645
1	3761
1	11144
1	150350
-1	57591
-1	6767
-1	27351
1	80274
1	64800
1	150379
1	85352
1	112885
1	101927551
1	100506737
1	150383
1	150384
1	101927722
1	400932
1	400935
1	164714
1	23209
1	414918
1	200298
1	653203
-1	51586
1	150209
1	100507599
1	107985563
1	124905092
1	124905142
1	348645
-1	4733
-1	4282
1	135
1	57026
-1	253143
-1	1454
