ME0	ME1	ME2	ME3	ME4	ME5	ME6	ME7	ME8	ME9	ME10	ME11
GSM2858677	0.0266008789810085	-0.0324603452440871	0.0520106826788267	0.00495622003969225	-0.0183466253106628	-0.120500516780661	-0.0399163342437745	-0.0455569806403734	0.14328083482464	-0.0135859839936103	-0.0406318039163519	0.0989733127083214
GSM2858679	0.0318445176864321	-0.0158744950724594	0.0578787931550367	-0.0504913166968676	-0.000895067037942288	0.0778311171117515	-0.027904846799529	-0.037319030636966	-0.0843432247593508	-0.0188356364938092	-0.0286469658287824	-0.0789174295122236
GSM2858681	0.188001943105757	-0.177430490378362	0.164335427975756	0.279615629606948	-0.0970116400320276	-0.168973362321073	-0.0578605068725201	0.0337357951350649	-0.123236002274553	-0.0489831724891249	-0.0585361646018347	-0.034955475731426
GSM2858684	0.148880539408373	-0.154390012686166	0.0953363166955586	0.16116739174754	-0.137031385558628	-0.0822414517473921	-0.014044079169416	0.00543483226758692	-0.110185758518434	-0.00659743679173437	-0.033666692600129	-0.107193005628405
GSM2858685	0.056314828263798	-0.0413862745577311	0.0596852207286894	-0.0417609510252466	-0.176005728037533	-0.165640407727083	-0.0268217120805625	-0.0232835677362958	0.0618760583689931	-0.00047645186326904	-0.0275662342129776	-0.0965314931278754
GSM2858687	-0.0559912410071709	0.072317442038715	-0.00679261324948991	-0.0812917311661505	0.0859034707807147	0.112728447764412	-0.0163858822376509	-0.028506704140284	-0.0381957941714781	0.0113027775424591	-0.0429675011296713	0.127710486841136
GSM2858689	-0.0118272575775605	0.00969873707501141	0.0387212099570526	-0.0642120463350104	0.00812760632477354	0.0283608525215945	-0.0362248085003051	-0.0365761742918862	-0.0315219602960383	-0.000476451863269059	-0.0275662342129776	0.033106444421017
GSM2858691	0.0336147520050692	-0.0354929012992492	0.0521077166037552	-0.023154000410591	-0.0845225088595713	-0.0194616188547963	-0.0160502968951938	-0.0291887145642794	-0.0326995025468742	0.0103072280094151	-0.0168187170907348	-0.0856345049992002
GSM2858693	0.0133128449342966	-0.00680655440326292	0.052803384423108	-0.0565706375094462	0.129205264157035	0.0785042112751055	-0.0192760212881994	-0.0409428649598325	0.00162268168975123	0.00707783070060732	-0.0200372847115016	0.0910084426118853
GSM2858695	-0.0454853903074562	0.0546906837654039	0.00976084966655508	-0.00901984046677128	0.183496245739604	-0.0422037193228321	-0.02506683917515	-0.0353726135069103	0.109631233717152	0.00128041919810458	-0.0258152547665721	0.371983401296792
GSM2858696	0.0881087649416909	-0.0833541652034021	0.0642796022434001	0.0717195159776926	-0.149111852442134	-0.176877223025396	-0.0359992877624301	-0.0316809236967452	-0.00316454106013637	-0.0127517031123611	-0.0398003207712807	-0.0862088110072048
GSM2858698	0.0048107829522075	0.00568846865263329	0.048186817152858	-0.0555244133693797	-0.0493456169094801	-0.0413308963907402	-0.0313747230044486	-0.0353726135069103	0.0206518137829555	0.00128041919810461	-0.0258152547665721	-0.00960328280598649
GSM2858700	0.0588051284011751	-0.061081054186906	0.0556594751662259	0.0624230807661059	-0.106498940979895	0.0557476449604212	-0.000762912206502421	-0.0168871529230089	-0.00642660591549468	0.0162346661554843	-0.0109111564325884	-0.0998093304999693
GSM2858703	0.188464037894735	-0.173030319298076	0.15138302067493	0.067498118514561	-0.154074014031441	-0.109294117816801	-0.0326916334217362	0.00396966072493347	-0.163981554482082	-0.0063530568897874	-0.00652110317276649	-0.0656633980901344
GSM2858708	0.101238057713697	-0.0929154391810256	0.0719804872746178	0.0246502894778706	-0.163878904891694	-0.029696850467053	-0.0207670726399652	-0.0226572219599303	-0.117112824698328	0.0310430771466056	-0.0215250279334891	-0.086217165844258
GSM2858709	0.076300537351848	-0.0668551848268448	0.0602673674160479	0.028945586933145	-0.173509498845551	-0.12372938669017	-0.0259935044300296	-0.0160552254302909	0.0244231275824346	0.000352698811712421	-0.0267398640701791	-0.0801480382963144
GSM2858710	-0.0588406616572447	0.0463142907544606	-0.0243109988892299	0.0476373345842732	0.106280847154277	0.0944935818654361	-0.00314166856449001	-0.0248581631688434	0.0119688656049359	0.00246776290501462	-0.0246318927815481	-0.00227512757355869
GSM2858714	0.207803597538869	-0.223888349738793	0.166386477617495	0.228417495126814	-0.175745632318976	-0.200645411094231	-0.06770830845308	0.658470474955343	-0.136564741207188	-0.0029812203677515	0.973873159962603	-0.0709129675757168
GSM2858715	0.105964986924745	-0.0889041867069476	0.0725112180076365	-0.00831173166578048	0.0429251885376543	-0.124532854792504	-0.0201495383108363	-0.0320001353804533	-0.0641467792266181	0.0238498090384651	0.054476150964192	0.0722620161444823
GSM2858717	-0.00135827718261266	-0.00189453819260657	0.0415751952014777	-0.0565008249327467	0.00621661809689047	0.152148144163349	-0.0214875517411373	-0.0329177975595858	0.00342134911629633	0.00486378212641737	-0.0222439085395012	-0.0876182574947183
GSM2858720	0.0474992925760608	-0.0306851340320082	0.0526313670832352	-0.016579858734423	-0.0931112601117442	-0.15200087441016	-0.00435119298655716	-0.0275738605063594	-0.152097776962185	0.0126644752694764	-0.0144693747894075	0.0607835672312683
GSM2858721	0.0197234190415166	-0.0123497514771484	0.0500069950721312	0.0219470804532534	-0.0797275710754809	0.0696059557500803	-0.0061448559259693	-0.0353726135069103	-0.105516994677742	0.00128041919810457	-0.0074587659673606	-0.126040584079963
GSM2858723	0.171960680801686	-0.159268983657726	0.119256566144363	0.201572167817503	-0.124847514636747	0.0403743411647621	-0.0209788572953873	-0.0256861762308799	-0.197001917880334	-0.00398850718835812	-0.0310665119647562	-0.106507570608398
GSM2858724	-0.00507131707814414	0.000425916377883976	0.0446981335419552	-0.0239524893766126	-0.0489097935229435	-0.0551150816127117	-0.0364144130464352	-0.0431552254977686	-0.0325005467629901	-0.0100800753937104	-0.0371376522769024	0.00249116714759829
GSM2858725	0.0906769237633061	-0.0709924693882558	0.073884790809456	-0.024703789811629	-0.140011531778711	-0.070802527071644	-0.0110514811927287	-0.021798084942516	-0.129927957406287	0.00914400919530251	-0.0179780350850735	-0.104766281931073
GSM2858733	0.178205082227871	-0.156002027684672	0.113348223966156	0.0152117014473542	-0.171504876295422	-0.108193593254242	0.0762030920263944	0.0684280165346746	-0.104528905754536	0.0361883945402901	-0.00837302547183586	-0.0825435242017585
GSM2858737	0.0170479570894789	0.0114570624771973	0.0477428390254173	-0.0504714362756009	-0.125148181228185	-0.0579492199445832	-0.0187591645171417	-0.0245859688570054	-0.0766957399135877	0.01702598358613	-0.0101224926614637	-0.103829569633144
GSM2858738	0.00653351031769791	0.00264282721758113	0.0465900914866952	-0.02122582224101	-0.0449486391640244	0.0172761342897625	-0.00485437405521705	-0.0109892940871616	0.216942193705083	0.0215158988950739	-0.00564763415026769	-0.0843344703511529
GSM2858740	0.124338053506207	-0.11094992893695	0.0698825634763928	0.222042441762796	-0.0409183173644342	-0.109097009715641	-0.00943081683157768	0.076159970165699	-0.134932700725909	0.00756375402982313	-0.000769362040616308	-0.00248696706446312
GSM2858741	-0.00513288452383443	-0.00639877369509826	0.036437823182929	-0.057865558690158	0.00355990284479461	0.159350258684572	-0.0111061982400169	-0.017473897226724	-0.0416089277108903	0.0152569561778008	-0.0118855876888759	-0.00670750200471397
GSM2858745	-0.078255472476263	0.0725946372638885	-0.0438378768337498	-0.0761387479068555	0.0103008936973705	0.124693239038905	-0.00954948465230671	-0.0247302021205018	0.0552835622908987	0.0168154422907609	-0.0103323279128466	0.0451715832451191
GSM2858747	-0.050950499431262	0.0531539074667636	-0.0218031377081275	-0.0408855782310901	0.129100103553173	0.106323794102145	0.00529929085224517	-0.020973713542071	-0.0422581076325353	0.0222988928636027	-0.00486726592877644	0.0437597392745098
GSM2858750	0.0941566891803345	-0.0645090376694538	0.0642653278777719	-0.00893334890604934	0.0121059662569878	-0.0646283122786597	0.0170861571233915	-0.0171897854580659	-0.124050081913762	0.0278223976438295	0.000637715942083055	0.00709173318179819
GSM2858751	-0.150002410263949	0.153539231730292	-0.196505937758926	-0.105096534199145	0.120952554072434	0.0374214636508972	0.00285836722614647	-0.0120462449366519	0.191134467038506	0.0353305664109407	0.00812070628804267	0.0854355058704741
GSM2858753	-0.0948090492759918	0.107266473590981	-0.0304650667776343	-0.0294235254957421	0.0514445836519896	-0.0189553646234812	-0.0090497520234626	-0.024387465849861	0.109651649364057	-0.00814991748656526	0.0171091427901097	-0.0438621230094807
GSM2858755	-0.122895459743082	0.133132400785754	-0.13733529717234	-0.0860403548078965	0.0693013287131012	0.198906158022891	0.01791512300997	-0.010178366530249	-0.0449352863059619	0.0380571603306985	0.0108381566560038	0.0588577076913653
GSM2858756	0.12839192139225	-0.121803737676603	0.102714957390007	0.206587976850874	-0.149144391341769	-0.12139904475069	-0.039252990037133	0.0386504187343384	-0.0816454108391069	-0.0178222116116341	-0.0448538254707715	-0.0898968797973358
GSM2858758	-0.116512238339246	0.118613417019763	-0.102625105397426	-0.0929027018619404	-0.0382422931956831	0.0146077598039411	-0.00230103857545053	-0.029616935716853	0.11041377036964	-0.0194949713185956	-0.0030999636431558	-0.0897738907166835
GSM2858759	-0.0604296693304943	0.0344172615007994	0.00163480169649058	-0.0766507926367472	0.111495698964405	0.253903771143158	-0.0146444545241581	-0.0282245326326892	-0.0273438487236214	0.0117146711187753	-0.0154159938000752	-0.0681234766437073
GSM2858763	0.0868983014126443	-0.104868914587228	0.0577651627455649	0.211681754199407	-0.0921650656651837	0.0571063004205622	-0.0129125244176502	0.0121314858726975	-0.0411572793052127	0.00238182881230828	0.00222816167318702	-0.0875366987019265
GSM2858764	0.0189886094315472	-0.0272133278872443	0.039078369585885	0.150909161258047	-0.0648989710211877	0.0014369737050436	-0.0104021594371099	-0.00407077567550863	0.0164959040565894	0.00972587111261097	-0.0173981244244376	-0.0730695580903705
GSM2858768	0.00822412099400532	-0.0201525949578268	0.0429155146871613	-0.0466266657105651	0.0507754915926757	0.0191331592393431	-0.02506683917515	-0.0353726135069103	-0.0682157136450699	0.00128041919810458	-0.0258152547665721	0.17972976627694
GSM2858769	-0.117598800202305	0.119299743604292	-0.169262676172261	-0.0822813060526888	-0.0200339217833815	0.0590127311386655	0.0396170991924853	0.0122949057568877	0.094049015666554	0.0581108993538782	0.0134071116318397	-0.0888170460014328
GSM2858771	-0.128334025660246	0.127097717285083	-0.181758687043357	-0.0956037450089774	0.170296510661576	-0.049098796916837	0.00911728587528781	-0.0213778184398385	0.0829371153620924	0.0355034674167319	0.00829302747544194	-0.00135727106434692
GSM2858774	-0.127992660423788	0.135675019412487	-0.185719469055258	-0.0880583186985352	0.0258173823739863	-0.00394699733799501	0.0205592917437611	-0.00408042033736121	0.269181638735242	0.0469585015291104	0.019709647470859	0.0255877160126379
GSM2858776	-0.1583507916917	0.151492103659439	-0.211630131344086	-0.0980734178145303	0.153887315732778	0.0114024486691115	-0.000292767610015385	-0.011927797501989	0.160690348093285	0.0355034674167319	0.00829302747544194	0.105177863701992
GSM2858779	-0.0857440348464193	0.0845731557468837	-0.0913604933792289	-0.0741856812343331	0.00509736251583591	0.17118096826884	0.00345269981449875	-0.0158127931759543	-0.0554560566821912	0.0298324314720963	0.00264100918155564	-0.120808010836775
GSM2858781	-0.114872672435504	0.113996921412378	-0.158675806794339	-0.0753567358576021	-0.0289861795852115	0.139858334958934	0.00205741908489233	-0.0167697315189006	-0.00775780792749824	0.0284355620299975	0.001248824099678	-0.0826031695871844
GSM2858782	-0.242539568415898	0.280599548179031	-0.214837735490738	-0.129487880853111	0.0191303221122188	0.0501763368627156	0.0277234969309603	-0.0410498109519864	0.120220270094908	-0.977415432398425	0.04265974689734	-0.00156924545617468
GSM2858783	-0.0589670211202536	0.0322500579919371	-0.0436193685012887	-0.0422752949122893	-0.0711531178779831	-0.0636298524103148	0.00826384743325182	-0.00247699955169567	0.13942066714449	-0.000210482321103637	-0.00191168802129159	-0.106931548391716
GSM2858786	0.0700217101513821	-0.0774507265213993	0.0595015405364962	-0.031686373441839	0.0321640291407331	-0.0343914450514218	-0.0201495383108363	-0.0320001353804533	-0.0475187291465424	0.0062033190627818	-0.0209088637005014	0.203853966611316
GSM2858787	0.0221748590105173	-0.0478513069608722	0.0509949121986558	-0.0374841575781058	-0.0435952406593052	0.106499964691203	-0.00817852515262983	-0.0302099593840504	-0.128102079941296	0.00881648861940636	-0.0183044573304377	-0.105435278551337
GSM2858680	0.17284457840256	-0.17704643559506	0.120603082822094	0.302199269181886	-0.143909904961009	-0.117156089079445	-0.00120163564000784	0.214806400847175	-0.0762658067330973	0.0253094827702549	-0.0270410608552657	-0.0895937452734673
GSM2858683	-0.0457994400188575	0.0361625705657127	0.00701149502472984	-0.0766241808199877	0.17876468702593	0.100633982783871	-0.0195695966582175	-0.036156857465362	0.0735255559661598	0.00013563653913136	-0.0269561984308706	-0.0208620030611807
GSM2858697	-0.0540477465581216	0.0583340510270358	0.0104499302752023	-0.0807046529248141	0.135100974554215	-0.0452200089833342	-0.024707273704225	-0.0351260093801374	0.0956125882430591	0.00164039408209141	-0.0254564870476763	0.208881269778185
GSM2858702	0.121825780080509	-0.129145821324625	0.0756928494094147	0.213033297891894	-0.0932944554842494	-0.0963981204576726	-0.0159496425929326	0.0721642054113045	-0.0792223781902359	-0.00516736441107966	-0.0322414159247646	-0.0684461088895004
GSM2858704	0.156962180580872	-0.140777635462373	0.109950019504662	0.021422051500241	-0.080863518357796	-0.126767130570866	-0.00737104807600649	-0.0275738605063594	-0.119824466802367	0.05626726479979	-0.0144693747894075	0.0199259201736564
GSM2858706	-0.013086619438981	0.0102003714615849	0.0437169224841599	-0.0508069561068489	0.0492391709080638	-0.172751429214043	-0.0268217120805625	-0.0365761742918862	0.0523124759811511	-0.000476451863269057	-0.0275662342129776	-0.0785593314312785
GSM2858712	-0.0221951071343341	0.0134271394481641	0.0411995798828059	-0.0259552000856901	0.0076594610917197	-0.0610396021573679	-0.0268217120805625	-0.0365761742918862	0.00140000547856361	-0.000476451863269057	-0.000654399101697945	0.0365484439126861
GSM2858719	0.0994089753433949	-0.0911760690838328	0.0651976549139758	0.0694725723898138	-0.123593322581517	0.00901937120351228	-0.0163825330330641	-0.0190415455860336	-0.0680386504411509	0.00997461357655985	0.00977959811642814	-0.0732434605598403
GSM2858722	0.0741670932808817	-0.0619705682732365	0.0594400728039546	-0.0180424081028418	0.0145768835631304	0.0327989542897121	-0.00763449368369746	-0.0275738605063594	-0.13955090852969	0.0126644752694764	-0.0144693747894075	0.00168117059216842
GSM2858728	-0.0600980606118907	0.0509411915394514	-0.0211170455376661	-0.0381846441712188	0.040100714235751	0.0945706711490521	-0.00934629362236643	-0.0245908457290841	0.071711046738062	0.0170188646806854	-0.0101295876938701	-0.0832713903662521
GSM2858730	-0.0227290268894483	0.0221140710196473	0.0394464228367735	0.0403217233550913	0.069824161604243	-0.0903126977671364	-0.0364144130464352	-0.0431552254977686	0.06597540743634	-0.0100800753937104	-0.0371376522769024	0.0825927177738051
GSM2858731	0.147410776459265	-0.150333430716118	0.0870879585108616	0.110104761499279	-0.0577673703765213	-0.0080954604015233	-0.0121229324303203	-0.0244251372708026	-0.107322376647575	0.00309823662694109	-0.0240035333345384	-0.0847683950063172
GSM2858732	0.1157645793874	-0.104196506430379	0.0811246869535367	0.218216890907649	-0.0279991456759484	-0.0776150520536904	-0.0364144130464352	-0.0234241212650575	-0.115876117759765	-0.0100800753937104	-0.0371376522769024	0.0302052057759765
GSM2858734	0.0125575398985962	-0.0276808230326274	0.0442919422546808	0.0612613138531059	0.0779476999200769	0.00712823731875134	-0.0201495383108363	-0.0238170120747296	-0.0326779294723999	0.0062033190627818	0.00601438402278854	0.0718417691021278
GSM2858735	0.112561442590172	-0.0908533605321175	0.0730312121865172	-0.0139939638283932	-0.00817361813259777	-0.144855822822631	-0.0172121927365177	-0.0299855883814834	-0.1227634314886	0.00914400919530251	-0.0179780350850735	0.0398037728432084
GSM2858736	-0.0413353217779646	0.0282943549630704	0.00822778183123309	0.00212840698034181	0.0386013561253001	-0.0447781379659423	-0.0207264041669033	-0.0323957726487776	0.113088448186161	0.00562579636829322	-0.0214844496897723	0.0731535959950718
GSM2858743	-0.037594374921319	0.0379548363081503	0.0153274340731388	-0.0680016227977225	0.131320776369363	0.0107402558756394	-0.0136957306216706	-0.0275738605063594	0.104182609552356	0.0126644752694764	-0.0144693747894075	0.377809243436137
GSM2858744	0.277077934855036	-0.304310317395779	0.224981676785677	0.352730942934811	-0.171343560415471	-0.214117488958115	0.977053823443233	0.668906398361505	-0.220872965887731	-0.0422208045998495	-0.0691705985014428	-0.0722778238145322
GSM2858752	0.0587504183998187	-0.0453718713397671	0.0617028273559553	-0.0318301565278521	-0.0692706787862239	0.132057607976886	-0.0130815790125189	-0.0156811400805743	-0.0905787218813973	0.019615486839754	-0.00754167323015574	-0.102604735952966
GSM2858754	-0.146572097570359	0.156727149293322	-0.200392346253417	-0.101097376068854	0.17471338762287	0.136275843636923	0.00164241886182437	-0.0033790102093741	0.0659963560073684	-0.0092381770332303	0.00693026098756872	0.050485651733116
GSM2858757	-0.145630143588369	0.163070571610361	-0.165471945331792	-0.0840285176655286	0.0346515081017439	0.0422558869368303	0.0254798614629479	-0.00419911343006099	0.154823447901385	0.00347502699416329	0.0653620244659755	-0.045035170254798
GSM2858762	0.0211877583423635	-0.0345735610781008	0.0452162673359035	0.169613706603595	0.0603327496267046	-0.0879543525600268	-0.0252384734179262	-0.0354903270138699	-0.0587689390806042	0.00110858952693907	-0.0259865082120345	0.0825773862119394
GSM2858765	-0.058276326976102	0.0423970794041784	-0.0395891338123922	-0.0502283089977327	-0.0856812448446306	-0.0785769928735467	0.00707196013950785	-0.00175067818425248	0.0530486984924388	0.0494630010426712	-0.0030999636431558	-0.0403740770403338
GSM2858770	-0.175963518287878	0.187372210438721	-0.21085267888239	-0.102054542745233	0.220078162404466	0.134293860470753	-0.0198472968247267	-0.0132868941456705	0.0104517349418883	0.0532941248820498	0.0260240244988975	0.352707408618346
GSM2858773	-0.142232869031041	0.129502294018675	-0.199203371164031	-0.096816051771019	-0.0050753912461112	0.0855094217614661	0.00205741908489233	-0.0167697315189006	0.0848996549448817	0.0284355620299975	0.001248824099678	-0.0111608682150941
GSM2858775	-0.16693875042788	0.182630893679776	-0.215489666036027	-0.107446221437214	0.111420253637646	0.182352798574486	0.0103106736781214	-0.0111093252603076	0.10442927740092	0.0366982140501366	0.00948376756146628	0.0904362022601871
GSM2858777	-0.139495399486873	0.146672581044681	-0.196565837589752	-0.0919171949734671	0.0569372247818359	0.288691872254016	0.00843408459437992	-0.0286661004067331	0.0333923739569889	0.0188261230901616	0.0169918805854412	-0.0537870695298126
GSM2858778	-0.0124780890372743	-0.023865579620158	0.0395869558793852	-0.051683753337239	-0.0160267194372611	-0.0189640099112472	-0.0162697777177981	-0.0293392431355087	0.0214649340303853	0.0355538174239743	-0.0170377109609318	-0.0885885968341813
GSM2858784	-0.132125146156207	0.122910568921172	-0.200328916010615	-0.0759137961672892	0.173494019520495	0.0255596025953764	0.0111492028593237	-0.0169648811849661	0.341473408104159	0.0281506966495142	0.000964914006794509	0.0114770261992742
GSM2858785	0.0157317350208409	-0.0248536519329767	0.0492196000091571	-0.0307683075223442	-0.0653828019727184	-0.0900032291981196	-0.00146912571195631	-0.0191883744934755	0.0638247804894257	0.0249050017933489	-0.00226989650798836	0.0215892580314503
GSM2858788	-0.0765978151301909	0.0487693094689606	-0.0688295310227782	-0.0765155044021787	0.188343620440774	-0.0329887461173712	-0.00758582552752558	-0.0233834475433713	0.139298631551433	0.0187813373023541	-0.00837302547183586	0.103961757975511
GSM2858790	-0.0483607119137815	0.0124277995041665	-0.00224433400290416	-0.0587697182338984	0.0811388579775919	-0.0118070102172676	-0.0207264041669033	-0.0323957726487776	0.0484538312585416	0.00562579636829322	-0.0214844496897723	0.064297635501268
GSM2858791	0.00487609839563471	-0.038202032093206	0.044138192205113	-0.0350719658628237	-0.0648096872743768	-0.0289338931054752	-0.0110633041090501	-0.0299855883814834	-0.0648570902535464	0.00914400919530251	-0.0179780350850735	-0.0694995153325757
GSM2858793	-0.184463369650204	0.176598750887386	-0.214429061173166	-0.096731595662533	0.208317299819823	0.135788903375729	-0.00401059829212523	-0.0130004374558558	0.117687976491933	0.0464098352659105	0.0191628211436908	0.200693517799859
GSM2858794	-0.0323116107315328	0.0130504517329829	0.018040580703869	-0.0577080654710129	0.073431721940279	0.0929013855662225	-0.0121298101147839	-0.0310681568119403	0.0188792923085407	0.00756375402982313	-0.0195529909117503	-0.0276815727240252
GSM2858795	-0.155741271708518	0.150123418672909	-0.197850120804185	-0.0877655680623811	0.222936323162338	0.114008461787106	-0.0148698982075472	-0.0131951902904849	0.0722218401113482	0.0336534190092916	0.00644918315043478	0.0447894452136577
