ME0	ME1	ME2	ME3	ME4	ME5	ME6	ME7	ME8
GSM2858677	0.00390863785568347	-0.0118725022585446	0.0157510791101568	-0.0301944123472883	0.00204415614221375	-0.0880792214737595	-0.00665458104376798	-0.0351057713807476	-0.00424790572766136
GSM2858678	-0.0335843736230521	0.0854133203342727	-0.0183008440785769	-0.000746741071039447	-0.0467134814849385	-0.047001887740332	-0.00826070227030152	0.00801647896170723	-0.0854357936214064
GSM2858679	0.00391312261159249	-0.0504086175290022	0.0169469684959102	0.0221000679957535	0.0277973549452241	0.0958307897828195	-0.0444749902821652	0.269684482906852	-0.0496715096982074
GSM2858681	-0.137366447164239	0.195242774933543	-0.123210222506513	0.0335062131871323	-0.0679283885829429	-0.144225053717335	-0.0405156942979145	-0.001899750675676	-0.109455231125113
GSM2858684	-0.115054566915892	0.123398766425146	-0.126559105963028	0.094243685822268	-0.137709360074036	-0.0623527727999985	0.00931002029187061	-0.019876669292528	-0.0937264911509833
GSM2858685	-0.0153492713597937	-0.0410904229708796	-0.00227841198032194	0.0566218354077559	-0.143754166040252	-0.130709112169793	-0.114798268879556	-0.0457067522297888	0.0454262989306849
GSM2858686	-0.0291338082777671	0.041104235071497	-0.0309721999353201	0.0420626092452465	-0.155769601079764	-0.106963797774698	0.0148127569261901	-0.023218908087419	-0.0890381429768699
GSM2858687	0.0721406506376285	-0.0797926921110681	0.0937958454190311	-0.0512831381029958	0.0844961151957255	0.11839383072815	0.0902907881685574	0.293782656898187	-0.024124594004322
GSM2858688	-0.088544241312882	0.137839998099109	-0.0757022171385983	0.0452623940250741	-0.11346031466654	-0.0147253076783392	-0.104471035527	-0.0038358271825016	-0.0977484124412964
GSM2858689	0.0387579712123378	-0.0641714315608823	0.0410803098353008	-0.0329863939865517	0.0333209553869525	0.0387635801775551	-0.0133204786420879	-0.0364686148268315	0.0402641575921011
GSM2858691	-0.00813306925857982	-0.0255594775601224	-0.027256291393481	0.0354132037415794	-0.0636810819818413	-0.00474166567424843	-0.0513957810320158	-0.041622973495203	-0.0462298471495201
GSM2858692	-0.141483008558626	0.145962439673146	-0.13789173227841	0.06507645296484	-0.0798322377484705	-0.00281560433016388	-0.0879350369003552	-0.00580270661172028	-0.117699046979235
GSM2858693	0.0147297369547782	-0.0615031358323216	0.0267399542286379	0.0159795194253214	0.146376990049007	0.0865249812874575	0.0942805643321368	-0.0341502638294804	-0.0204598573740166
GSM2858694	-0.127297488997883	0.172210147956853	-0.142878929933374	0.112586279518522	-0.0823091019082473	-0.0865308709978256	-0.0856555061996035	0.07898673152846	-0.0981677831178906
GSM2858695	0.0637600823677083	-0.0335664436742317	0.0946219089837814	-0.0599605398446037	0.185740706070201	-0.0215133299225727	0.129168581290661	-0.0387378400796173	-0.0201939084308261
GSM2858696	-0.0483036011475387	0.0463660162431434	-0.0355551419450336	0.0417521150670678	-0.135826623754308	-0.137641510632795	-0.0821414964719889	-0.0158673071300469	-0.0250573150489318
GSM2858698	0.0277128323917704	-0.0615490195838993	0.0535423480423027	0.00217484311045676	-0.0389741398142665	-0.0245703610052511	-0.0136991615034892	0.0048320200102926	0.0516779610965446
GSM2858699	-0.101233893694995	-0.00101276365115309	-0.100807784006731	0.13162761010648	-0.0545551787656876	-0.0942192972091788	-0.0344556264660427	-0.0111895654600079	-0.0463274941060869
GSM2858700	-0.0308571340317537	0.0338914320229054	-0.0601437822162857	0.0698530104861339	-0.0944422884076035	0.073205112463066	-0.0307062093880095	-0.0401696663515332	-0.0607164164311943
GSM2858701	-0.0740475353856909	0.135570770548994	-0.0570506821805696	0.0315913854576507	0.0585031254902873	-0.0907752753383528	0.0249639352007044	-0.027831705395279	-0.0635170824823654
GSM2858703	-0.134974163207138	0.0568809340547928	-0.145890600311849	0.122773423387849	-0.113007554014666	-0.075694377298964	-0.110233120409805	1.24861745485111e-06	-0.0978463868048589
GSM2858705	-0.0436568188002714	0.0258245029025162	-0.0394689155875759	0.0697197134666606	-0.0183712128479024	0.0844677076192781	-0.039989785617816	0.0163173314578216	-0.0781732683563585
GSM2858708	-0.0607179985429083	0.0157200084078058	-0.063007194457387	0.0806689491064914	-0.133054518169767	-0.00271000506322776	-0.112236036934856	-0.0246233401741402	0.0303679924724514
GSM2858709	-0.0419456695538449	0.0163677003711964	-0.027071523602657	0.0430403043010207	-0.154836280048163	-0.098523394198011	-0.101039994537105	-0.0278746142793527	0.1532172864771
GSM2858710	0.0645801677648213	0.00720029312215589	0.0680814226589026	-0.10063738851097	0.100676125665673	0.0961440994746345	0.0808503034131791	0.106372802667716	-0.0153481639020882
GSM2858713	-0.118501443154786	0.118313097428214	-0.120526232061803	0.114351791101521	-0.063560326495453	-0.147845625424103	-0.0531338904756934	-0.00996917616813249	-0.0499399305454157
GSM2858714	-0.164669573109497	0.17897065624155	-0.156838660251441	0.0279272828774213	-0.137846376086595	-0.169863700503777	-0.126999984067906	0.000215289800627188	-0.135356566079072
GSM2858715	-0.0669604763120192	-0.0131357858525459	-0.0555535638198552	0.105524693023126	0.0515936229544156	-0.101349745780119	0.129004463239936	-0.0213771063013155	-0.0338821073434327
GSM2858717	0.026358878419855	-0.0567441083558276	0.0208533782105445	-0.0244806234919182	0.0330516514310166	0.155316264090535	-0.0151626491855419	-0.0279832894278928	-0.00458468590508894
GSM2858720	-0.0127637864906617	-0.0225095543271578	-0.0192902690195147	0.0961498517630474	-0.07103392952038	-0.123644533786225	-0.112755502437714	-0.0308360989639512	-0.0554858773608278
GSM2858721	0.000628885732624004	0.00852383945135743	0.0346656309878729	-0.0218317037893926	-0.0556240107785912	0.0824798793705532	-0.104357849812371	0.502633880725327	-0.0663181076973521
GSM2858723	-0.129097338155268	0.148828281107852	-0.123315645454746	0.100457417199259	-0.0916218682324922	0.0681940563598706	-0.0972302656507336	0.146762809746863	-0.101699102658949
GSM2858724	0.024306601913243	-0.0249057770174992	0.0460754257834563	-0.0560785633820415	-0.0216078039625447	-0.0412717129240698	-0.0656733438340445	-0.035532595513166	0.11581125462059
GSM2858725	-0.0503488923363871	-0.0277204552886347	-0.0394147244482907	0.1200210838783	-0.116451672752262	-0.0426714526700111	-0.109769652158658	0.0874880455885758	-0.0434089176675144
GSM2858726	0.0884231689434908	-0.0575563453855544	0.114644407777237	-0.0698439798954946	0.170739393539909	0.10579626039176	0.057447202889442	-0.0514387539752958	0.0614793906367713
GSM2858727	-0.0207238055977751	-0.0477855345902692	-0.0293203512638164	0.0991575995187489	-0.00239715165629367	-0.00668339949755601	0.0185662397538048	-0.0307728575545846	-0.052988869313971
GSM2858733	-0.131967171360982	0.0190822209380475	-0.146742316239187	0.234369345889821	-0.143996120008343	-0.0808955376983745	-0.0880797305301918	-0.0116428341641456	-0.0995753858372168
GSM2858737	0.0180279270360629	-0.0469220217289723	0.0303375037610975	0.0670927463584865	-0.0919472693500777	-0.0261040682219147	-0.109856382126859	-0.0299549800203112	0.117495437042985
GSM2858738	0.0112758366883814	-0.0238083869825789	0.0176713434094745	-0.00161250700443317	-0.0303632501997761	0.038866041479179	-0.0221709905800025	0.0265099601286683	-0.0387187504117526
GSM2858739	-0.111042570245562	0.126942880402421	-0.112246040172284	0.125333921432926	-0.0804154626175962	-0.0181432149532384	-0.0647182642650326	0.0655127960280485	-0.125096645331331
GSM2858740	-0.0980837227824018	0.162600976420074	-0.0826703102048525	0.0720066251560634	-0.0254369402600168	-0.0854426386986973	0.0440835740611155	0.0161968655858311	-0.081927503145535
GSM2858741	0.016039382613688	-0.0540923395810957	0.0142060487282838	-0.0167466096560544	0.0158637690855675	0.161103671745894	0.00369723095961504	-0.0299678119243193	-0.0697360895535005
GSM2858742	-0.0260523718235826	-0.0396235887392064	-0.039042326686444	0.0755858128970114	-0.000170646729793986	-0.0608307177881875	0.0517526850335086	0.0304921797053423	-0.0822945715968234
GSM2858745	0.0811058248648095	-0.0767005689358337	0.0816601357351772	-0.09277312670394	-0.00315903288921717	0.135866140365383	0.0444109861604918	-0.0202935294724934	0.0348349056643082
GSM2858746	-0.0443725599181548	-0.016908468853666	-0.02938456087439	0.116603180792283	-0.0330039161064587	-0.0894493984371946	-0.0804239050462275	-0.0181157917275001	-0.0775290121314416
GSM2858747	0.053813737715147	-0.0499628288702193	0.0550099982833959	-0.063460074620983	0.107996123581554	0.10575723003957	0.13957080756178	0.136947350212623	-0.0184762201210809
GSM2858748	-0.146030099028197	0.0863718961576221	-0.157558926853046	0.188337070638879	-0.105840458994265	-0.0731506632455299	-0.100627784799737	-0.020173732132717	-0.109644249232538
GSM2858749	-0.140476046938758	0.106804323641465	-0.152235357416491	0.160537661928522	-0.00981042818860504	-0.0931919454964988	-0.0155385270969585	-0.0311077850854859	-0.119316836749588
GSM2858750	-0.0552906118781615	-0.0148253150172158	-0.0529766431117577	0.145742073580555	0.0481259600875295	-0.0465799130205232	0.0117697135705819	-0.0225713331711363	-0.0547291581715467
GSM2858751	0.142844183291494	-0.105562494894947	0.146842985481228	-0.151026707802878	0.0997797733029719	0.0423090319183801	0.11135905000288	-0.0455577087366137	0.124329670407457
GSM2858753	0.102045028798615	-0.0454091281865189	0.13581899372285	-0.0869371739083212	0.0561817983185836	0.00305433211536199	0.0460066897900339	-0.040041268542995	0.0807517680572864
GSM2858755	0.113172423497378	-0.0888968205290638	0.127167867851829	-0.100465124725884	0.0534545531757038	0.192796684159158	0.0415846165231489	0.252680195642253	0.0700756031498927
GSM2858756	-0.0955489365385171	0.146778421030943	-0.0628349145278095	0.0101627849421151	-0.111641510137635	-0.0959178665157267	-0.113816326682413	-0.00810352467543175	-0.00148221601984767
GSM2858758	0.114508488144098	-0.0943036763075791	0.120946046089373	-0.104446915975998	-0.0217949467815773	0.0130375809692743	-0.0628366836188372	-0.0543877589380787	0.0421692624905472
GSM2858759	0.0620545781324613	-0.0789976484706978	0.0601004299082471	-0.0662166714849176	0.125399918839096	0.239470806968572	0.0776926949990894	-0.0431494071433445	0.0688013970231575
GSM2858761	0.0857759416359575	-0.0761789837131863	0.061731855442263	-0.0769159927980612	0.121023885520626	0.100328318373613	0.0730588233107768	-0.0430915123174881	0.0447638381280541
GSM2858763	-0.0665708296078212	0.151039425991552	-0.0807807132999533	0.0145240016868611	-0.0899182602356227	0.0729268802674373	0.00054176276107744	-0.0281093276934052	0.0146732829474554
GSM2858764	-0.00179706226165088	0.0894729683851888	-0.00397093387592619	-0.0411100380607549	-0.0289111548933157	0.0161731223405822	-0.084633018243258	-0.0398772531000444	-0.0477916971440438
GSM2858766	-0.0661946954346812	0.163903426141423	-0.0642614388146106	0.0374062099188454	0.07106662859914	-0.0229567562703409	0.0400959300784689	-0.0167434920984475	-0.086203136710253
GSM2858767	-0.0875842293878852	0.155159256118403	-0.0893264441016483	0.0416712806138721	-0.049896227357032	-0.112378361471899	-0.0999391569266594	-0.0203065397762428	-0.0450111441094617
GSM2858768	0.00872972072622373	-0.0511063487685301	0.0025619119926137	-0.0151975774311213	0.0805682922695131	0.0260751772114233	-0.0445324929505667	-0.041256958027789	0.0269002977970569
GSM2858769	0.107089075977221	-0.0848510377232222	0.0927450084271488	-0.114423668133976	-0.0391948337312543	0.0622375984974954	0.0130159849792208	0.0690249758006843	-0.0241699928195443
GSM2858771	0.120676480700953	-0.0957430906302599	0.117259596207359	-0.127651087176759	0.111731905198931	-0.042115911520286	0.31519345749687	-0.0295205758936216	0.102716689061074
GSM2858774	0.119196750735627	-0.0960772363991152	0.0989283914624332	-0.116662490497729	0.00591486856760741	0.0034432907933308	0.122047900790439	-0.027185679601633	-0.0209832427405044
GSM2858776	0.146741886672306	-0.104039987072811	0.128116407243425	-0.15625982443498	0.139645192407167	0.019785848251958	0.118255016452574	-0.051310329402152	-0.0109545921981099
GSM2858779	0.0815308425750604	-0.0805631613165385	0.0795714772399997	-0.0727159306526965	-0.024683562138662	0.159122794466468	0.0707751449670884	0.348615865530663	-0.00105474078639631
GSM2858780	0.152635679874861	-0.105140377148596	0.172110313475629	-0.114083655641462	0.0700629310198943	-0.0319818252713798	-0.0183635602458988	-0.0663470017570435	0.289053320453956
GSM2858781	0.11174700944323	-0.0821674416940377	0.0968452061194079	-0.119708905202077	-0.0286875208047418	0.139438304488246	-0.0550684362368142	-0.0466909861164057	-0.0180141343759745
GSM2858782	0.229921222089942	-0.138713054096007	0.2110296668126	-0.176413322457595	0.0129592030206651	0.0392973177949807	-0.0575775933383207	-0.0680511757428016	0.337363832894588
GSM2858783	0.055941664895967	-0.0469375337512759	0.0408235104868238	-0.0370142909234437	-0.0645261454344568	-0.0539250066013601	-0.0134114722483034	-0.0514561078255774	0.204632417160118
GSM2858786	-0.0421318198353213	-0.0332519010655647	-0.0554663976345937	0.062157961527126	0.069091869750554	-0.0149008580789491	-0.0301713884394015	-0.0278180569673721	0.00186302974650904
GSM2858787	-0.00928418158618922	-0.0388782408573917	-0.0285807586825937	0.0199876557227497	-0.0297540583466456	0.106034135380547	-0.0320226311467884	0.0585084760539085	-0.0553062190723261
GSM2858792	-0.0293774182206488	-0.031812829995139	-0.0467294142411793	0.0514449456640601	0.036998572521162	-0.0924203759876957	0.0580895981707719	-0.0362063048743812	-0.0154384301892037
GSM2858680	-0.137207987529804	0.217879568837682	-0.129557957972945	0.0230731814797329	-0.11465404874229	-0.0956194655737935	-0.0848026492128533	-0.0108389438903569	-0.0999277284927167
GSM2858682	-0.137915087624661	0.147263658403229	-0.13582921237586	0.0189445580753287	-0.114154481687806	-0.11944379049251	0.0108933421460218	-0.00108657106526064	-0.102450283009106
GSM2858683	0.0638959455712099	-0.0759080090532835	0.0620972336838623	-0.0573157202019125	0.167482024306272	0.107518645369532	0.226369760921547	-0.044967892103559	0.0105827182932193
GSM2858690	-0.165679245082585	0.156861350136289	-0.172752540243869	0.058756102445714	-0.0787349467018159	-0.0712433336667562	-0.0918832218697109	0.112041476981324	-0.138004430940415
GSM2858697	0.0726607395081788	-0.0814099871476592	0.0890485796205091	-0.0567319096604015	0.115398762144288	-0.0188179769429824	0.199872334027371	-0.0621318810018863	-0.00369561970276358
GSM2858702	-0.0964041525123755	0.156535932013467	-0.0907124341464121	0.044434261004042	-0.075233568244805	-0.0683620545468475	-0.0316873922311189	-0.0257202374820675	-0.105882042260313
GSM2858704	-0.109417784458159	0.0139389792984952	-0.116306800029108	0.155605125424596	-0.0396769781837773	-0.102494130267731	-0.0623964699772906	-0.0116315746563603	-0.0367322667488181
GSM2858706	0.0379269375750738	-0.0551568255573353	0.0639706719152323	-0.0145379025363568	0.0379193031955932	-0.138137731772182	0.160616716552586	-0.0353556574482249	0.136522365273499
GSM2858707	-0.0294558676700317	0.0832668887699454	0.00291328774518618	0.0138842880133229	-0.0484403197983809	-0.0687121394703825	-0.0417648730462144	-0.0426408124607086	0.150197304423028
GSM2858711	-0.00567478697082422	-0.037643999524654	-0.000867543550934337	0.061743473409206	-0.0400535899960876	-0.08665448036165	-0.0839873342508607	-0.037263635136094	0.0471808782428904
GSM2858712	0.0394160140949333	-0.0365821536349021	0.0530506306690046	-0.0477605437076399	0.0209212748837851	-0.0324777249620567	0.0298706804482737	-0.0184135856093822	-0.048840256516356
GSM2858716	-0.0567970572150794	-0.0234318097561331	-0.0596496069308118	0.106514477718371	-0.0885302602914476	0.00879236919430706	-0.0865033939680979	-0.0228823137189704	-0.0752645204562312
GSM2858718	-0.0562890842782153	-0.021741535312041	-0.0683716604614034	0.112418758552021	0.0989296435336254	-0.042105644432791	0.0197705157097331	-0.0301956406175395	-0.0312087245009905
GSM2858719	-0.061881179077014	0.0401321013830287	-0.0645275845880328	0.0763325335129459	-0.101348068159993	0.027336123039758	-0.0544915881157765	-0.0294152545142843	-0.0549972416986901
GSM2858722	-0.0447522918480779	-0.0227351446724564	-0.0523431745478837	0.102945840340597	0.0248566751988029	0.0480974895920941	0.0927497280230878	-0.0190237832414813	-0.0707200982190072
GSM2858728	0.0649490823619999	-0.0518614044700885	0.0704095383125825	-0.0729520593220671	0.033051843851018	0.100413907063509	0.0995722659770745	-0.0361771713618181	0.10551750888085
GSM2858729	-0.00120646787599705	-0.0490919479962795	0.000795102887363277	0.068671399087231	0.0198748295482112	-0.056504742008738	-0.00738985560054093	-0.0318961691422121	0.0304469703734491
GSM2858730	0.0428215548258352	0.0153851924676512	0.0786976682080479	-0.0839738152572194	0.0956349528650167	-0.0620459473089489	0.0101448859063637	-0.0358226291724805	0.0203128278326046
GSM2858731	-0.115848923867521	0.0825808234625615	-0.131312757524282	0.126343130226566	-0.027138160680867	0.0101142244559158	-0.00366450326105719	-0.0308912031278167	-0.0974971881227175
GSM2858732	-0.0835035575830469	0.14593407507692	-0.0623475073161883	0.00438535556660994	0.00385785881895798	-0.0586020405881235	-0.039446821315465	-0.0208618142954113	0.0082798887981714
GSM2858734	-0.00039470802798955	0.0263367537441491	-0.0134226866935763	-0.0328363890234591	0.101006186951255	0.0316547650181381	0.0327693372431599	-0.0214734726208392	-0.0284246831233198
GSM2858735	-0.0676910717296352	-0.010122096855432	-0.0623158696609984	0.133973972709172	0.0473073324573363	-0.111991095162482	-0.0503106032348799	-0.0208056047681423	-0.0712517339398547
GSM2858736	0.0493222626249036	-0.0209082057771416	0.0574300013158442	-0.0785456174434433	0.0397535878571166	-0.0230205417927629	0.0646645709319803	-0.0403881948200429	0.0590891395326248
GSM2858743	0.0486427175141606	-0.0655462244003653	0.0664522812108126	-0.0514174222808823	0.135568360547897	0.0319382788781424	0.0891739982747493	-0.0402975293953856	0.0421802679805546
GSM2858744	-0.240290743765688	0.275386639842559	-0.253738969567368	0.10640042026499	-0.132986745822749	-0.187688981167498	-0.0926184006181633	0.00691593550995331	-0.120636970857243
GSM2858752	-0.0255989282276664	-0.0379261381045318	-0.0334568739289734	0.0990231100552979	-0.0366063000687242	0.146984677613001	-0.0520906601510681	-0.0256026879588028	-0.0452228927940114
GSM2858754	0.14345258039602	-0.104265920215309	0.114763490447644	-0.157607211335402	0.117232315440455	0.117878661931943	0.264670030535867	-0.0521979370529597	0.00540288769689474
GSM2858757	0.143006501653679	-0.0873701774585304	0.165896971206461	-0.0984266387007474	0.0377646651931832	0.0570547459909622	-0.000469590491414709	0.00836511148510316	0.172281596129385
GSM2858760	-0.106353232622077	0.163640052714417	-0.106278843324998	0.0317816324277547	-0.126023386044717	-0.00544718789012644	-0.0822808284822572	-0.0143028533945033	-0.0794949061669735
GSM2858762	-0.00808350676555208	0.0958523758911035	0.00223586832087661	-0.0327451923865458	0.0749299280464498	-0.0666038671254139	0.0152069133928062	-0.0310537512585567	0.0202046924943974
GSM2858765	0.0560660906380352	-0.0547894393193954	0.0383277401193606	-0.0513801426201024	-0.0750162077541768	-0.0564870251844338	-0.0782049090307781	-0.0368461363837123	-0.0167753741835242
GSM2858770	0.155702795790151	-0.111559070769941	0.141893760595462	-0.168060997453866	0.21263436843758	0.119054260412417	0.0349158227279965	0.433596136883567	0.0101694878563962
GSM2858772	0.0932336794353828	-0.0824496641605788	0.0751087029309848	-0.0936116877771774	-0.112116940635662	0.0897320171449987	-0.0987538635839572	-0.0566722441844512	0.191413861974341
GSM2858773	0.129816664051589	-0.10658260769992	0.102156770319424	-0.156861124702174	0.000302724040140553	0.0795850052619612	-0.0834583823214411	-0.039210757485944	0.0938179387024457
GSM2858775	0.155698555151448	-0.111541604580806	0.152686538925991	-0.178538447118879	0.0993520267438455	0.174262278915633	0.053891236278782	-0.0450562479179573	0.249559097840801
GSM2858777	0.130936703367364	-0.0992763024092893	0.119996957336405	-0.129863375271433	0.0722773260967401	0.265337904084353	-0.0313744261633488	-0.0483920878994743	-0.00622510140642586
GSM2858778	0.024376350510734	-0.0564843117218661	0.000187373871311129	0.0016851364078658	0.0116121043893737	-0.00017775457092093	-0.0467489996971627	-0.0198513406670296	0.0187582258109513
GSM2858784	0.125719544556425	-0.0823825813196355	0.109478149750098	-0.14678986399089	0.10983150496358	0.0281406186308329	0.333108785476769	-0.0644197596322144	0.0920516003152916
GSM2858785	0.000122859849401998	-0.0387106624753131	-0.0240502620494453	0.0549509755806204	-0.0366792388803499	-0.0732426147342444	-0.0815722010482915	-0.0413332562752898	0.0440477335453893
GSM2858788	0.0734791337491858	-0.0768480547391018	0.0571154510365573	-0.0828951630142176	0.192591551776171	-0.0152436146685196	0.130097990472644	-0.0323160518711373	0.0747193047172231
GSM2858789	0.0713351148488668	-0.0675473024503773	0.0685513728301379	-0.0560203555644129	-0.0490987715258573	0.00825267673967581	-0.0657744665170856	-0.0465129394200898	0.125789344377781
GSM2858790	0.0527117686829376	-0.0704969878885361	0.0340927502339616	-0.0748497433428689	0.0900172132190861	0.00155492084517608	0.0562452096844378	-0.0504968332046888	0.0108808636743293
GSM2858791	0.00360895306518939	-0.031628076404816	-0.0164007481182615	0.000112913707732507	-0.0506683822163573	-0.00407158612561905	-0.0590976422496928	-0.0315929787507448	0.116695746485044
GSM2858793	0.166742816988828	-0.105338384086606	0.133354866650493	-0.176832208385274	0.207253454838973	0.134402833787269	0.0437671800153609	-0.0708612897406917	0.204465192624308
GSM2858794	0.0407726127176284	-0.0607815783858959	0.0396562048728178	-0.0500972417628439	0.048202610909723	0.0965970120357163	0.175984023794585	-0.0481625151810988	0.0127678790080574
GSM2858795	0.146485994125583	-0.102302614437601	0.138704213173075	-0.154051307368082	0.218910937123599	0.105759260328148	0.0955762132701293	-0.0445069432129944	0.111550430353738
