ANTH.TAX...CARB-ANTH.TAX	id
-1	9636
-1	126792
-1	55210
-1	6497
-1	11079
-1	127262
-1	148479
-1	23261
-1	9341
-1	199953
-1	10277
-1	23095
-1	23435
-1	57085
-1	9927
-1	55187
-1	7799
-1	23341
-1	84301
-1	23207
-1	23013
-1	26099
-1	65018
-1	249
-1	23028
-1	6135
-1	11313
-1	55629
-1	10250
-1	25932
-1	23585
-1	55219
-1	83442
-1	8289
-1	4869
-1	23673
-1	5511
-1	93974
-1	10657
-1	5928
-1	9202
-1	26523
-1	9967
-1	79647
-1	10487
-1	6018
-1	10269
-1	4904
-1	5792
-1	9670
-1	533
-1	6202
-1	4678
-1	51249
-1	23139
-1	7388
-1	26994
-1	79699
-1	115353
-1	51253
-1	7398
-1	84938
-1	29929
-1	5236
-1	4919
-1	57685
-1	55225
-1	57708
-1	9295
-1	34
-1	5876
-1	80135
-1	51100
-1	5586
-1	284695
-1	79871
-1	22823
-1	1810
-1	54874
-1	5825
-1	178
-1	693138
-1	148867
-1	55119
-1	6814
-1	56900
-1	677766
-1	2773
-1	10768
-1	10390
-1	128346
-1	829
-1	9860
-1	204851
-1	5738
-1	653519
-1	58497
-1	57592
-1	81609
-1	26097
-1	65123
-1	6232
-1	9898
-1	10456
-1	3570
-1	1163
-1	80308
-1	55974
-1	7818
-1	8682
-1	23385
-1	51506
-1	2207
-1	22926
-1	57645
-1	55827
-1	261726
-1	23215
-1	51430
-1	9588
-1	55157
-1	9293
-1	27101
-1	6646
-1	26092
-1	9213
-1	1660
-1	9887
-1	116461
-1	6045
-1	6738
-1	79577
-1	140609
-1	23271
-1	89796
-1	55705
-1	10440
-1	6051
-1	100506696
-1	493
-1	9877
-1	6635
-1	9580
-1	9261
-1	4179
-1	55758
-1	5525
-1	29937
-1	26750
-1	56950
-1	1063
-1	51133
-1	51018
-1	127018
-1	55699
-1	148362
-1	23219
-1	8560
-1	29097
-1	6726
-1	339500
-1	375
-1	149603
-1	64801
-1	8443
-1	7107
-1	100616343
-1	51029
-1	116228
-1	81469
-1	51150
-1	118424
-1	54973
-1	81669
-1	55052
-1	29101
-1	643988
-1	728661
-1	65220
-1	388585
-1	57470
-1	9731
-1	23463
-1	79707
-1	55735
-1	473
-1	2023
-1	22883
-1	56998
-1	84328
-1	6723
-1	5394
-1	2475
-1	10459
-1	90231
-1	440567
-1	4237
-1	23400
-1	6390
-1	55920
-1	23352
-1	23065
-1	832
-1	1650
-1	8672
-1	1889
-1	3339
-1	10236
-1	10772
-1	6548
-1	6118
-1	2140
-1	7805
-1	9698
-1	553115
-1	65108
-1	113452
-1	204
-1	100861513
-1	5690
-1	64960
-1	29889
-1	4520
-1	10946
-1	2275
-1	5538
-1	22887
-1	5052
-1	60313
-1	10489
-1	2060
-1	4898
-1	4116
-1	55706
-1	54432
-1	9528
-1	1718
-1	23358
-1	114803
-1	83941
-1	3716
-1	23169
-1	26135
-1	55631
-1	81573
-1	9406
-1	10026
-1	26009
-1	23032
-1	64853
-1	8880
-1	64123
-1	2787
-1	1486
-1	8915
-1	57489
-1	9403
-1	2959
-1	56267
-1	84146
-1	50999
-1	163786
-1	5686
-1	55791
-1	128338
-1	79084
-1	51592
-1	7812
-1	54834
-1	4853
-1	1513
-1	56882
-1	23126
-1	3608
-1	57459
-1	9909
-1	200186
-1	10899
-1	25912
-1	55585
-1	103
-1	10712
-1	10067
-1	55870
-1	23381
-1	7203
-1	4209
-1	81875
-1	9826
-1	8407
-1	50848
-1	9191
-1	8703
-1	25874
-1	8674
-1	149041
-1	64326
-1	163590
-1	2752
-1	10092
-1	80267
-1	81627
-1	10625
-1	7175
-1	51377
-1	360023
-1	163486
-1	83479
-1	127829
-1	29089
-1	10765
-1	51094
-1	51706
-1	84919
-1	2005
-1	64710
-1	7779
-1	25896
-1	25936
-1	90806
-1	10380
-1	25782
-1	80232
-1	3930
-1	55740
-1	81559
-1	79573
-1	149371
-1	54583
-1	359948
-1	9804
-1	148789
-1	26832
-1	4811
-1	159
-1	100500849
-1	440574
-1	4802
-1	5567
-1	79005
-1	4194
-1	728642
-1	3925
-1	51668
-1	441155
-1	3192
-1	5824
-1	3075
-1	2782
-1	79717
-1	8751
-1	1945
-1	9813
-1	23155
-1	10286
-1	6944
-1	6464
-1	6201
-1	3398
-1	285148
-1	6241
-1	23175
-1	1653
-1	348654
-1	388
-1	8648
-1	10890
-1	3032
-1	85465
-1	51374
-1	29959
-1	23160
-1	51646
-1	84272
-1	57448
-1	55622
-1	55471
-1	57504
-1	5495
-1	693144
-1	3344
-1	494143
-1	124900537
-1	64895
-1	29094
-1	54812
-1	10097
-1	307
-1	5093
-1	27332
-1	7840
-1	1716
-1	9801
-1	9168
-1	56888
-1	55037
-1	64795
-1	729857
-1	9669
-1	55571
-1	64965
-1	79074
-1	653489
-1	5903
-1	727851
-1	84910
-1	150465
-1	6574
-1	10096
-1	8886
-1	55240
-1	1622
-1	5775
-1	57669
-1	7247
-1	56886
-1	55041
-1	150776
-1	905
-1	22930
-1	23518
-1	23190
-1	339745
-1	26122
-1	55183
-1	114793
-1	151188
-1	8502
-1	64844
-1	10213
-1	130507
-1	79901
-1	1781
-1	8520
-1	55854
-1	54529
-1	51602
-1	692058
-1	659
-1	65065
-1	1385
-1	200576
-1	9125
-1	56947
-1	3267
-1	51719
-1	5707
-1	5510
-1	26751
-1	6868
-1	10971
-1	79954
-1	51594
-1	79677
-1	9741
-1	6382
-1	23369
-1	54454
-1	51639
-1	55252
-1	3030
-1	2976
-1	6801
-1	23683
-1	6432
-1	6654
-1	8491
-1	63892
-1	678
-1	10128
-1	55133
-1	100506142
-1	80204
-1	23198
-1	57223
-1	87178
-1	9736
-1	7514
-1	10575
-1	51542
-1	57162
-1	9792
-1	5861
-1	22848
-1	6637
-1	55233
-1	550
-1	55654
-1	23020
-1	23505
-1	493753
-1	51455
-1	284996
-1	9392
-1	64682
-1	80255
-1	54520
-1	79134
-1	23332
-1	84365
-1	2071
-1	10746
-1	55677
-1	55339
-1	83607
-1	79595
-1	55627
-1	130074
-1	4175
-1	1615
-1	5000
-1	27249
-1	9111
-1	26225
-1	55660
-1	5937
-1	79675
-1	9874
-1	29789
-1	1386
-1	518
-1	10203
-1	80055
-1	129450
-1	4999
-1	7341
-1	54891
-1	7145
-1	7701
-1	79586
-1	10056
-1	8452
-1	3357
-1	4691
-1	52
-1	100505876
-1	3987
-1	151230
-1	57142
-1	7072
-1	3336
-1	25843
-1	26058
-1	140739
-1	5534
-1	7844
-1	8553
-1	29995
-1	55845
-1	27258
-1	6533
-1	7182
-1	23473
-1	100505696
-1	3146
-1	7325
-1	7048
-1	201595
-1	10491
-1	10015
-1	4615
-1	9943
-1	9942
-1	57599
-1	3921
-1	9045
-1	4820
-1	51099
-1	22908
-1	23218
-1	22907
-1	51372
-1	211
-1	26060
-1	201626
-1	7871
-1	2317
-1	6314
-1	10550
-1	55279
-1	285237
-1	56954
-1	57514
-1	51300
-1	4710
-1	26355
-1	151636
-1	84925
-1	29927
-1	7879
-1	23317
-1	5523
-1	25852
-1	56945
-1	5922
-1	483
-1	23350
-1	84343
-1	11342
-1	9819
-1	83939
-1	51714
-1	4154
-1	8833
-1	85476
-1	10051
-1	7095
-1	6498
-1	1894
-1	5290
-1	55669
-1	86
-1	55689
-1	1857
-1	23355
-1	100126340
-1	4976
-1	5062
-1	6161
-1	64432
-1	7155
-1	23122
-1	9881
-1	57456
-1	29072
-1	22937
-1	6599
-1	4134
-1	51246
-1	5576
-1	3615
-1	5859
-1	3913
-1	9730
-1	6159
-1	80335
-1	55193
-1	7086
-1	23272
-1	378
-1	201627
-1	80145
-1	9861
-1	8801
-1	9039
-1	27086
-1	23429
-1	8545
-1	11259
-1	9868
-1	64422
-1	25871
-1	80218
-1	2932
-1	116064
-1	11167
-1	285282
-1	3836
-1	64770
-1	57493
-1	6184
-1	7555
-1	8971
-1	8930
-1	23129
-1	30849
-1	11073
-1	25847
-1	55167
-1	10274
-1	51163
-1	80321
-1	5291
-1	9276
-1	7029
-1	54464
-1	545
-1	5359
-1	6478
-1	170506
-1	9197
-1	6747
-1	3840
-1	11235
-1	80012
-1	79718
-1	59345
-1	56922
-1	10195
-1	6434
-1	131578
-1	23527
-1	1739
-1	9711
-1	10425
-1	10181
-1	10954
-1	64747
-1	9779
-1	84836
-1	5130
-1	10093
-1	10180
-1	7375
-1	255758
-1	10336
-1	118
-1	3064
-1	23324
-1	93621
-1	132864
-1	51056
-1	80306
-1	64151
-1	55300
-1	29945
-1	51274
-1	3093
-1	55161
-1	10463
-1	60558
-1	57606
-1	54940
-1	100616436
-1	55858
-1	6731
-1	5431
-1	8615
-1	55752
-1	55589
-1	58478
-1	51023
-1	4299
-1	285512
-1	56916
-1	101929468
-1	58505
-1	10427
-1	55435
-1	677809
-1	57721
-1	5393
-1	84162
-1	4258
-1	255520
-1	84640
-1	8467
-1	6059
-1	55751
-1	6189
-1	729830
-1	27236
-1	23240
-1	2110
-1	9693
-1	6307
-1	1182
-1	60559
-1	60684
-1	201973
-1	521
-1	2580
-1	1487
-1	7884
-1	80273
-1	54876
-1	1665
-1	6133
-1	23244
-1	9575
-1	3490
-1	55236
-1	91746
-1	2926
-1	26057
-1	53371
-1	950
-1	10983
-1	246175
-1	152559
-1	3184
-1	9987
-1	27235
-1	23001
-1	9524
-1	152926
-1	285513
-1	51176
-1	81579
-1	10424
-1	26472
-1	54726
-1	987
-1	152503
-1	5356
-1	1519
-1	5481
-1	55601
-1	91351
-1	84869
-1	4750
-1	201965
-1	2180
-1	3516
-1	10611
-1	27068
-1	92597
-1	7096
-1	10333
-1	55153
-1	285550
-1	6715
-1	11044
-1	22948
-1	10299
-1	55322
-1	285636
-1	10884
-1	79668
-1	23517
-1	4214
-1	65056
-1	57688
-1	10283
-1	23398
-1	80006
-1	55914
-1	140890
-1	64924
-1	5884
-1	6606
-1	55814
-1	3842
-1	115548
-1	689
-1	84135
-1	3074
-1	10412
-1	3156
-1	51426
-1	9522
-1	167153
-1	9765
-1	1462
-1	1350
-1	5921
-1	4012
-1	23262
-1	4124
-1	134430
-1	167227
-1	64848
-1	1176
-1	1657
-1	3295
-1	1456
-1	133619
-1	10111
-1	3308
-1	7320
-1	10802
-1	4090
-1	51247
-1	7322
-1	54882
-1	113829
-1	153527
-1	9812
-1	80762
-1	54439
-1	10915
-1	10146
-1	23367
-1	9337
-1	134510
-1	7265
-1	900
-1	27430
-1	5917
-1	8992
-1	94081
-1	23197
-1	26262
-1	64324
-1	3182
-1	821
-1	57472
-1	54888
-1	100616271
-1	4651
-1	10605
-1	4338
-1	54505
-1	8611
-1	10769
-1	643155
-1	124900212
-1	84340
-1	10087
-1	5908
-1	677828
-1	8546
-1	345778
-1	256987
-1	6228
-1	153339
-1	902
-1	83989
-1	9652
-1	1105
-1	64839
-1	7905
-1	5229
-1	4015
-1	5480
-1	27125
-1	56951
-1	7416
-1	2107
-1	3313
-1	5201
-1	4695
-1	1729
-1	8841
-1	81555
-1	51520
-1	1452
-1	55696
-1	2196
-1	6678
-1	9685
-1	79646
-1	23291
-1	92181
-1	285590
-1	91272
-1	57179
-1	51491
-1	22838
-1	55819
-1	442908
-1	3796
-1	9782
-1	9794
-1	9140
-1	10011
-1	475
-1	51194
-1	9879
-1	5515
-1	23061
-1	96459
-1	56897
-1	8899
-1	6239
-1	83732
-1	154007
-1	100874268
-1	57380
-1	10475
-1	8352
-1	3008
-1	3012
-1	8348
-1	221545
-1	203068
-1	7916
-1	6046
-1	3710
-1	1432
-1	6428
-1	1337
-1	9025
-1	60685
-1	23304
-1	10695
-1	5528
-1	88745
-1	5754
-1	6722
-1	55362
-1	3326
-1	988
-1	860
-1	23607
-1	28978
-1	55227
-1	642489
-1	23469
-1	26054
-1	23033
-1	23036
-1	23595
-1	10957
-1	135293
-1	9994
-1	23376
-1	55278
-1	9896
-1	51362
-1	4082
-1	221294
-1	51389
-1	116150
-1	81847
-1	84456
-1	114801
-1	51534
-1	387082
-1	56995
-1	57583
-1	84624
-1	9444
-1	387263
-1	6908
-1	55770
-1	1992
-1	7020
-1	10048
-1	6310
-1	7913
-1	51567
-1	81688
-1	3006
-1	85236
-1	8354
-1	5987
-1	5514
-1	8449
-1	170954
-1	7917
-1	51596
-1	221496
-1	11165
-1	7005
-1	23787
-1	2739
-1	55173
-1	57510
-1	221395
-1	4594
-1	9697
-1	22858
-1	60481
-1	55788
-1	26503
-1	1303
-1	55754
-1	25998
-1	55122
-1	8732
-1	23195
-1	6885
-1	253714
-1	892
-1	10973
-1	5550
-1	11231
-1	28962
-1	8724
-1	27244
-1	8763
-1	9841
-1	7259
-1	57515
-1	5796
-1	9439
-1	6993
-1	6950
-1	51660
-1	7058
-1	7148
-1	6891
-1	10492
-1	8357
-1	22828
-1	6745
-1	1388
-1	6204
-1	7975
-1	8662
-1	80727
-1	221937
-1	26100
-1	221960
-1	7965
-1	84132
-1	5879
-1	79034
-1	9678
-1	54664
-1	28969
-1	55975
-1	9603
-1	11335
-1	989
-1	8621
-1	64983
-1	9263
-1	165
-1	4967
-1	5478
-1	908
-1	109616964
-1	25870
-1	51427
-1	677807
-1	168374
-1	55069
-1	26053
-1	9883
-1	100093631
-1	3984
-1	7458
-1	2969
-1	4191
-1	3315
-1	222194
-1	57157
-1	9988
-1	55610
-1	10898
-1	5054
-1	9512
-1	5701
-1	79872
-1	1738
-1	51691
-1	9296
-1	55281
-1	26173
-1	84629
-1	54476
-1	5395
-1	27102
-1	9265
-1	4697
-1	23161
-1	29896
-1	54205
-1	3181
-1	79017
-1	6424
-1	136647
-1	54606
-1	222068
-1	94239
-1	51142
-1	9031
-1	9275
-1	101926943
-1	100101267
-1	3092
-1	51657
-1	7532
-1	10875
-1	6717
-1	5445
-1	5439
-1	27000
-1	5001
-1	6733
-1	6856
-1	10135
-1	83943
-1	8976
-1	441191
-1	56913
-1	26771
-1	114049
-1	101752399
-1	27099
-1	50640
-1	113878
-1	29992
-1	11014
-1	81628
-1	100316904
-1	26260
-1	137492
-1	5157
-1	23039
-1	64760
-1	10174
-1	57805
-1	55140
-1	84549
-1	9070
-1	9530
-1	23259
-1	102465696
-1	4173
-1	7336
-1	5862
-1	9650
-1	23213
-1	157506
-1	23643
-1	92421
-1	11059
-1	8895
-1	51633
-1	54704
-1	54845
-1	55656
-1	79666
-1	9791
-1	92140
-1	55353
-1	157680
-1	5440
-1	8323
-1	115908
-1	9694
-1	56943
-1	114569
-1	100302170
-1	23167
-1	51105
-1	8840
-1	54108
-1	9831
-1	2907
-1	1537
-1	3297
-1	65265
-1	157285
-1	29883
-1	51669
-1	27257
-1	54904
-1	83877
-1	5591
-1	6591
-1	9821
-1	51606
-1	10434
-1	26795
-1	55156
-1	5150
-1	80124
-1	10565
-1	10499
-1	23471
-1	6129
-1	4683
-1	389677
-1	25962
-1	94241
-1	7381
-1	26986
-1	7534
-1	51123
-1	50484
-1	51366
-1	51582
-1	81034
-1	3646
-1	84955
-1	7227
-1	5885
-1	6873
-1	79139
-1	157378
-1	50807
-1	27161
-1	442893
-1	1936
-1	286077
-1	100616318
-1	83481
-1	8694
-1	29894
-1	51160
-1	6132
-1	10671
-1	84376
-1	83940
-1	23484
-1	23212
-1	100533105
-1	9583
-1	57589
-1	6619
-1	55667
-1	54926
-1	79269
-1	116224
-1	23137
-1	23230
-1	1612
-1	1514
-1	10927
-1	23196
-1	5253
-1	138639
-1	84641
-1	4686
-1	10541
-1	10952
-1	55014
-1	27130
-1	56254
-1	23446
-1	5887
-1	7357
-1	401548
-1	1318
-1	1317
-1	9128
-1	203197
-1	22954
-1	153090
-1	92399
-1	23637
-1	10783
-1	81873
-1	26130
-1	89853
-1	1025
-1	2356
-1	10999
-1	81605
-1	4957
-1	2733
-1	6709
-1	57720
-1	8939
-1	23404
-1	25
-1	8021
-1	84726
-1	10585
-1	9329
-1	9328
-1	6130
-1	11091
-1	23203
-1	10383
-1	50808
-1	79956
-1	123
-1	401494
-1	55234
-1	2683
-1	55833
-1	203259
-1	445571
-1	375743
-1	23670
-1	7763
-1	138199
-1	2776
-1	7088
-1	29979
-1	3190
-1	23287
-1	79670
-1	4783
-1	10558
-1	3376
-1	100500918
-1	54829
-1	1842
-1	85365
-1	23071
-1	54881
-1	54534
-1	19
-1	8518
-1	23731
-1	7295
-1	23392
-1	22949
-1	9991
-1	58493
-1	81932
-1	55755
-1	26190
-1	5711
-1	51552
-1	2040
-1	4702
-1	92400
-1	54542
-1	57706
-1	5695
-1	5537
-1	3309
-1	23452
-1	6136
-1	2022
-1	8818
-1	399665
-1	25792
-1	107080620
-1	10444
-1	389792
-1	23048
-1	23064
-1	7248
-1	6834
-1	6836
-1	8019
-1	157922
-1	169714
-1	9919
-1	4851
-1	8721
-1	29952
-1	441478
-1	116225
-1	112903833
-1	55342
-1	79109
-1	401505
-1	81689
-1	25934
-1	23511
-1	246184
-1	30815
-1	5900
-1	55841
-1	3052
-1	10943
-1	5634
-1	94056
-1	5160
-1	51360
-1	6611
-1	1968
-1	5422
-1	10159
-1	8239
-1	1654
-1	2857
-1	7403
-1	8241
-1	7317
-1	369
-1	7076
-1	24140
-1	10682
-1	10013
-1	5355
-1	1184
-1	54552
-1	27301
-1	10325
-1	29978
-1	550643
-1	3476
-1	9968
-1	4841
-1	6872
-1	1349
-1	538
-1	6451
-1	139322
-1	1730
-1	139231
-1	5631
-1	11043
-1	10857
-1	292
-1	7319
-1	4694
-1	2747
-1	10735
-1	404636
-1	84295
-1	8933
-1	2332
-1	633
-1	537
-1	293
-1	25878
-1	3730
-1	8905
-1	5931
-1	5256
-1	1964
-1	23597
-1	257397
-1	9282
-1	8573
-1	54539
-1	2002
-1	8409
-1	27344
-1	10245
-1	8243
-1	3028
-1	10075
-1	23133
-1	139886
-1	92249
-1	81887
-1	29934
-1	51132
-1	22
-1	546
-1	84061
-1	51616
-1	254065
-1	1121
-1	7105
-1	79979
-1	2717
-1	90843
-1	9643
-1	5716
-1	692226
-1	55922
-1	6170
-1	3920
-1	8450
-1	29071
-1	57187
-1	51114
-1	2000
-1	57826
-1	55796
-1	159090
-1	441518
-1	26071
-1	27316
-1	286410
-1	1069
-1	3054
-1	2539
-1	100132596
-1	85012
-1	3188
-1	6173
-1	11230
-1	54906
-1	84991
-1	509
-1	83860
-1	2625
-1	10659
-1	55526
-1	8872
-1	79723
-1	8027
-1	84898
-1	8028
-1	54518
-1	51322
-1	219771
-1	5599
-1	8031
-1	8505
-1	7321
-1	7019
-1	29982
-1	221035
-1	23411
-1	3189
-1	55749
-1	79009
-1	9188
-1	6832
-1	1979
-1	8879
-1	119504
-1	54541
-1	9632
-1	118487
-1	23053
-1	132
-1	23522
-1	142891
-1	57178
-1	10105
-1	84293
-1	81619
-1	27069
-1	657
-1	54537
-1	10556
-1	84333
-1	80351
-1	9044
-1	54708
-1	23232
-1	54619
-1	84458
-1	84287
-1	55662
-1	8945
-1	9221
-1	9126
-1	8036
-1	6934
-1	374354
-1	57700
-1	9531
-1	22876
-1	55717
-1	59338
-1	23172
-1	54764
-1	56647
-1	1793
-1	10539
-1	55844
-1	23185
-1	2665
-1	11164
-1	22929
-1	64215
-1	5305
-1	10006
-1	10730
-1	80314
-1	3688
-1	8453
-1	3185
-1	100287932
-1	8030
-1	9886
-1	221037
-1	26091
-1	1763
-1	5464
-1	54788
-1	10367
-1	310
-1	26985
-1	11128
-1	101060691
-1	23063
-1	2746
-1	84896
-1	3416
-1	9124
-1	26123
-1	56889
-1	51013
-1	64210
-1	3257
-1	81894
-1	10724
-1	79591
-1	8861
-1	10121
-1	7511
-1	10285
-1	118987
-1	143384
-1	8661
-1	119559
-1	10935
-1	6001
-1	7073
-1	79892
-1	54780
-1	64421
-1	6387
-1	92170
-1	10613
-1	1147
-1	23412
-1	100532731
-1	23234
-1	60626
-1	10581
-1	8519
-1	57661
-1	64787
-1	6888
-1	6181
-1	161
-1	975
-1	8665
-1	10527
-1	7465
-1	55031
-1	9645
-1	55742
-1	10418
-1	2965
-1	3939
-1	54503
-1	10553
-1	10480
-1	79832
-1	55346
-1	283267
-1	10114
-1	4076
-1	55226
-1	847
-1	54765
-1	8539
-1	55761
-1	51144
-1	120071
-1	9776
-1	8567
-1	710
-1	25921
-1	6809
-1	79073
-1	374395
-1	10313
-1	2011
-1	10963
-1	5331
-1	25824
-1	7542
-1	740
-1	823
-1	23649
-1	5977
-1	57410
-1	399909
-1	10589
-1	10992
-1	81876
-1	22992
-1	156
-1	4041
-1	55291
-1	51400
-1	6188
-1	56946
-1	51585
-1	619383
-1	472
-1	1737
-1	9354
-1	10632
-1	4297
-1	372
-1	867
-1	6653
-1	9538
-1	10410
-1	3265
-1	347862
-1	5441
-1	10984
-1	4928
-1	1200
-1	63875
-1	81846
-1	50862
-1	1982
-1	1457
-1	84280
-1	113174
-1	2188
-1	55327
-1	1479
-1	26273
-1	7189
-1	51317
-1	55626
-1	392
-1	9793
-1	53
-1	10658
-1	23788
-1	23360
-1	23279
-1	5007
-1	219988
-1	27339
-1	1642
-1	746
-1	9219
-1	10482
-1	23642
-1	25923
-1	7536
-1	2197
-1	84447
-1	5970
-1	9158
-1	84285
-1	10897
-1	5499
-1	80194
-1	1119
-1	51111
-1	53838
-1	1374
-1	219927
-1	9873
-1	23201
-1	5870
-1	51287
-1	26005
-1	8301
-1	1075
-1	26973
-1	4863
-1	84811
-1	56912
-1	1656
-1	283149
-1	6230
-1	3312
-1	29068
-1	27315
-1	1937
-1	10072
-1	51075
-1	54949
-1	3703
-1	1315
-1	5682
-1	5286
-1	79796
-1	1351
-1	928
-1	4055
-1	1911
-1	23710
-1	55729
-1	55297
-1	55711
-1	84790
-1	57609
-1	25875
-1	9802
-1	6667
-1	22818
-1	29095
-1	5939
-1	4035
-1	114785
-1	79837
-1	11260
-1	29110
-1	55832
-1	57122
-1	4193
-1	11052
-1	10818
-1	10576
-1	4848
-1	124900332
-1	23011
-1	64786
-1	160418
-1	28977
-1	121441
-1	5250
-1	55681
-1	23325
-1	11137
-1	23479
-1	8550
-1	10961
-1	5781
-1	4940
-1	4939
-1	5985
-1	5037
-1	8655
-1	9921
-1	80196
-1	8562
-1	10959
-1	140707
-1	5901
-1	8408
-1	57634
-1	7132
-1	11331
-1	10162
-1	8076
-1	64581
-1	4973
-1	50865
-1	397
-1	51290
-1	10526
-1	124900327
-1	83448
-1	81539
-1	54407
-1	51564
-1	7421
-1	140461
-1	904
-1	112
-1	9416
-1	10376
-1	7846
-1	114108587
-1	25946
-1	6601
-1	283373
-1	10728
-1	4666
-1	5557
-1	6778
-1	10540
-1	196441
-1	11103
-1	114882
-1	7334
-1	55967
-1	4048
-1	5128
-1	400
-1	79023
-1	4801
-1	84102
-1	55198
-1	1407
-1	11108
-1	9733
-1	9815
-1	51699
-1	5501
-1	6311
-1	124903094
-1	283450
-1	55884
-1	51347
-1	11021
-1	51499
-1	51367
-1	121665
-1	6249
-1	55206
-1	9612
-1	121260
-1	5426
-1	84324
-1	102659353
-1	1431
-1	10094
-1	377
-1	54458
-1	5094
-1	5715
-1	8085
-1	51643
-1	7750
-1	10284
-1	9818
-1	1024
-1	6144
-1	2971
-1	255967
-1	51371
-1	10208
-1	23047
-1	11340
-1	51569
-1	57511
-1	160851
-1	11215
-1	29103
-1	83548
-1	9445
-1	5925
-1	22862
-1	9724
-1	10910
-1	7347
-1	3916
-1	283489
-1	55269
-1	64328
-1	143
-1	9107
-1	219333
-1	222484
-1	283537
-1	5412
-1	10808
-1	116828
-1	55578
-1	10631
-1	80209
-1	1997
-1	23078
-1	3839
-1	26512
-1	22894
-1	9882
-1	4860
-1	5018
-1	4323
-1	26020
-1	55017
-1	55632
-1	55015
-1	4247
-1	23588
-1	81542
-1	122786
-1	51637
-1	5706
-1	6815
-1	122809
-1	93487
-1	3895
-1	54916
-1	55745
-1	55860
-1	5684
-1	9786
-1	5494
-1	23224
-1	4522
-1	22890
-1	1965
-1	55334
-1	9766
-1	22990
-1	26037
-1	58517
-1	5663
-1	79697
-1	1743
-1	8892
-1	79882
-1	55775
-1	5700
-1	801
-1	53981
-1	10914
-1	7443
-1	8812
-1	1983
-1	109616976
-1	3183
-1	1603
-1	22985
-1	26277
-1	115817
-1	27141
-1	25831
-1	55837
-1	58533
-1	11177
-1	253959
-1	122553
-1	54813
-1	6235
-1	11183
-1	22795
-1	30001
-1	80821
-1	10175
-1	11169
-1	10640
-1	26520
-1	5529
-1	7597
-1	4149
-1	5283
-1	677
-1	8816
-1	2079
-1	100529257
-1	8650
-1	10577
-1	4053
-1	11161
-1	23357
-1	8846
-1	22938
-1	2957
-1	677845
-1	440193
-1	55671
-1	5641
-1	55727
-1	57062
-1	23405
-1	55102
-1	84193
-1	3320
-1	55038
-1	145389
-1	91612
-1	91833
-1	100528064
-1	379025
-1	3091
-1	81892
-1	23093
-1	55148
-1	10490
-1	10001
-1	1112
-1	4738
-1	114791
-1	23191
-1	51621
-1	283742
-1	7057
-1	440275
-1	6692
-1	11261
-1	23269
-1	55142
-1	80021
-1	27229
-1	2923
-1	113201
-1	51496
-1	8669
-1	26258
-1	58472
-1	23741
-1	9101
-1	23431
-1	29766
-1	5597
-1	9488
-1	6938
-1	54629
-1	54778
-1	51762
-1	9960
-1	23060
-1	51495
-1	8766
-1	8554
-1	25820
-1	4016
-1	5371
-1	26263
-1	3658
-1	5685
-1	10933
-1	58489
-1	57214
-1	9640
-1	5151
-1	64963
-1	11057
-1	8826
-1	64784
-1	140460
-1	81614
-1	7337
-1	7082
-1	54893
-1	56851
-1	79768
-1	9990
-1	55505
-1	9716
-1	54989
-1	161835
-1	6727
-1	54617
-1	30844
-1	23339
-1	25963
-1	64397
-1	146057
-1	146050
-1	4236
-1	80208
-1	2200
-1	9318
-1	55056
-1	54822
-1	84888
-1	23312
-1	123169
-1	10776
-1	51187
-1	102
-1	79811
-1	663
-1	79664
-1	84191
-1	53944
-1	4947
-1	51324
-1	54956
-1	54878
-1	79719
-1	7090
-1	27020
-1	10066
-1	9377
-1	80349
-1	6218
-1	53339
-1	3418
-1	22856
-1	80213
-1	100288637
-1	1159
-1	25764
-1	100533483
-1	89839
-1	56965
-1	100526783
-1	7329
-1	84572
-1	4716
-1	9351
-1	7249
-1	84231
-1	54442
-1	23524
-1	79903
-1	84662
-1	9093
-1	23295
-1	29855
-1	79091
-1	5373
-1	29035
-1	23274
-1	8303
-1	51283
-1	100288332
-1	23420
-1	23042
-1	4363
-1	29904
-1	55718
-1	613037
-1	5930
-1	112869
-1	11273
-1	54700
-1	4150
-1	78994
-1	64319
-1	9739
-1	5257
-1	255919
-1	55027
-1	5934
-1	4501
-1	5432
-1	10664
-1	10204
-1	23450
-1	9798
-1	23300
-1	80790
-1	9100
-1	83716
-1	81631
-1	27189
-1	51693
-1	6137
-1	22980
-1	8131
-1	55692
-1	6187
-1	90850
-1	10921
-1	5170
-1	6923
-1	54985
-1	10131
-1	1387
-1	57407
-1	29965
-1	7874
-1	2013
-1	29066
-1	26156
-1	2935
-1	5073
-1	123803
-1	9665
-1	123811
-1	23049
-1	51573
-1	91949
-1	4706
-1	79728
-1	55114
-1	23214
-1	109616959
-1	79077
-1	55737
-1	10294
-1	81533
-1	9683
-1	29117
-1	23019
-1	55697
-1	164
-1	4094
-1	23174
-1	8140
-1	2588
-1	100132247
-1	527
-1	90861
-1	107282092
-1	552900
-1	5176
-1	409
-1	5430
-1	23135
-1	3965
-1	51701
-1	57551
-1	55288
-1	7756
-1	5717
-1	6347
-1	3980
-1	8148
-1	79893
-1	84311
-1	30837
-1	4302
-1	5691
-1	51755
-1	5709
-1	339287
-1	22794
-1	147179
-1	5914
-1	3487
-1	1267
-1	535
-1	80347
-1	6945
-1	7283
-1	27175
-1	10197
-1	6155
-1	2896
-1	4836
-1	10614
-1	9570
-1	9520
-1	3837
-1	6668
-1	10241
-1	65264
-1	11143
-1	10040
-1	8526
-1	8165
-1	124540
-1	140735
-1	55181
-1	1213
-1	81671
-1	6198
-1	8493
-1	26115
-1	10238
-1	4215
-1	11325
-1	5705
-1	90799
-1	26207
-1	25926
-1	5573
-1	9382
-1	6169
-1	9368
-1	3396
-1	79637
-1	79902
-1	51081
-1	9772
-1	283989
-1	85451
-1	100507246
-1	79157
-1	6397
-1	10801
-1	9144
-1	57674
-1	57521
-1	9146
-1	5881
-1	2873
-1	3607
-1	6904
-1	7531
-1	1398
-1	10594
-1	23277
-1	55421
-1	23140
-1	51479
-1	7326
-1	5216
-1	442898
-1	23399
-1	9611
-1	8533
-1	23326
-1	57649
-1	57532
-1	85464
-1	51379
-1	2124
-1	4642
-1	31
-1	11276
-1	11056
-1	7703
-1	9349
-1	5469
-1	9862
-1	47
-1	7266
-1	2648
-1	5878
-1	6777
-1	162427
-1	2145
-1	51629
-1	23131
-1	9343
-1	284058
-1	22834
-1	1277
-1	10140
-1	9043
-1	1353
-1	7706
-1	8161
-1	51649
-1	6426
-1	6827
-1	4591
-1	348235
-1	51136
-1	10513
-1	57508
-1	9969
-1	80774
-1	92335
-1	57003
-1	6603
-1	2081
-1	55852
-1	64750
-1	10672
-1	9931
-1	5718
-1	10476
-1	51155
-1	23163
-1	2885
-1	3021
-1	23558
-1	51
-1	6427
-1	57602
-1	9775
-1	6448
-1	124565
-1	71
-1	80233
-1	55666
-1	396
-1	51181
-1	64118
-1	2194
-1	1453
-1	56270
-1	440400
-1	654364
-1	440434
-1	6844
-1	2186
-1	3838
-1	107984156
-1	9097
-1	23347
-1	10627
-1	103910
-1	201475
-1	11031
-1	9218
-1	8774
-1	55125
-1	8731
-1	6632
-1	29919
-1	125488
-1	51444
-1	2589
-1	5289
-1	9811
-1	4200
-1	23335
-1	10892
-1	55205
-1	57614
-1	54877
-1	7776
-1	7525
-1	64863
-1	9663
-1	9989
-1	5771
-1	114799
-1	6760
-1	25800
-1	57724
-1	9050
-1	9063
-1	54808
-1	10449
-1	8932
-1	9352
-1	4677
-1	5205
-1	3998
-1	23556
-1	2531
-1	54495
-1	103091864
-1	4089
-1	497661
-1	5725
-1	1265
-1	2879
-1	90007
-1	26528
-1	1455
-1	84444
-1	56926
-1	4782
-1	51588
-1	25873
-1	8192
-1	57192
-1	100131801
-1	6813
-1	6234
-1	9230
-1	4670
-1	59286
-1	3609
-1	811
-1	5886
-1	112939
-1	28974
-1	90379
-1	7171
-1	4218
-1	26017
-1	4650
-1	64981
-1	79016
-1	79709
-1	115098
-1	84769
-1	79036
-1	7311
-1	23373
-1	5976
-1	23383
-1	54815
-1	56242
-1	81931
-1	90649
-1	170959
-1	390916
-1	26065
-1	10054
-1	53827
-1	7392
-1	55095
-1	5704
-1	23646
-1	92799
-1	6626
-1	1209
-1	10849
-1	2909
-1	29998
-1	6415
-1	2014
-1	4924
-1	160
-1	81857
-1	2359
-1	4849
-1	114823
-1	6158
-1	147807
-1	11338
-1	8612
-1	55658
-1	91300
-1	91304
-1	5434
-1	22904
-1	399664
-1	6929
-1	57455
-1	83855
-1	55643
-1	2872
-1	8943
-1	100302283
-1	6449
-1	23396
-1	1938
-1	56005
-1	8498
-1	4298
-1	8570
-1	3643
-1	56949
-1	1994
-1	284382
-1	7675
-1	54811
-1	8666
-1	125950
-1	10053
-1	84337
-1	4125
-1	30000
-1	7001
-1	1777
-1	5566
-1	22859
-1	3337
-1	23476
-1	26993
-1	58513
-1	83483
-1	3727
-1	10147
-1	57794
-1	51291
-1	57130
-1	440515
-1	100129842
-1	440519
-1	171392
-1	148213
-1	7305
-1	54623
-1	6217
-1	645
-1	7040
-1	2931
-1	6633
-1	8189
-1	25865
-1	1175
-1	23211
-1	8775
-1	10945
-1	6141
-1	2997
-1	8463
-1	51231
-1	22870
-1	27243
-1	51295
-1	9454
-1	26819
-1	1785
-1	126328
-1	10523
-1	79939
-1	11316
-1	3191
-1	83541
-1	9491
-1	10528
-1	8455
-1	57506
-1	80025
-1	5621
-1	8760
-1	79133
-1	6629
-1	11034
-1	10483
-1	388789
-1	51126
-1	22803
-1	29107
-1	9777
-1	22919
-1	128866
-1	22913
-1	83737
-1	693229
-1	83658
-1	22839
-1	10398
-1	6185
-1	57148
-1	7150
-1	5335
-1	4605
-1	79183
-1	7529
-1	51604
-1	11065
-1	5476
-1	63935
-1	8202
-1	10564
-1	1434
-1	55661
-1	441951
-1	23315
-1	55905
-1	6615
-1	116151
-1	1477
-1	55544
-1	57403
-1	9217
-1	51497
-1	26039
-1	11047
-1	6227
-1	11054
-1	54994
-1	79144
-1	7165
-1	80331
-1	24148
-1	140680
-1	128637
-1	3420
-1	64773
-1	22888
-1	65992
-1	25943
-1	1059
-1	29058
-1	5111
-1	56261
-1	8195
-1	182
-1	51575
-1	55614
-1	10741
-1	51340
-1	63908
-1	57136
-1	8894
-1	191
-1	128869
-1	26133
-1	9584
-1	647979
-1	57446
-1	25939
-1	5933
-1	9675
-1	10955
-1	63925
-1	57727
-1	51006
-1	63916
-1	23613
-1	55959
-1	6780
-1	23394
-1	8813
-1	7764
-1	1522
-1	6874
-1	5688
-1	81928
-1	10732
-1	11083
-1	54915
-1	54963
-1	10287
-1	100527943
-1	90196
-1	2778
-1	55968
-1	27131
-1	55741
-1	3692
-1	8904
-1	387522
-1	51012
-1	112268269
-1	55969
-1	2280
-1	6628
-1	387521
-1	10137
-1	2551
-1	10600
-1	6647
-1	3454
-1	6651
-1	1859
-1	54145
-1	7109
-1	54148
-1	26046
-1	10694
-1	57466
-1	2618
-1	54014
-1	49854
-1	7307
-1	6612
-1	56683
-1	539
-1	23765
-1	1399
-1	7332
-1	6598
-1	2130
-1	29796
-1	55000
-1	3956
-1	2033
-1	7353
-1	5594
-1	400916
-1	23760
-1	162
-1	10291
-1	57591
-1	6767
-1	27351
-1	51586
-1	4733
-1	4282
-1	253143
-1	1454
